QR for tall matrix
tall matrix A
     0.209      0.669      0.469      0.926     0.0372 
     0.282     0.0557      0.966      0.955      0.503 
     0.262      0.999      0.695       0.83       0.63 
     0.942      0.737      0.793     0.0734      0.789 
    0.0985      0.559      0.182      0.875     0.0973 
     0.864      0.594      0.468      0.318      0.926 
     0.554      0.966      0.473      0.446      0.658 
     0.253      0.287      0.796      0.216      0.857 
     0.854      0.809       0.46      0.257      0.497 
     0.712      0.288       0.14      0.411      0.979 
     0.929      0.839      0.869      0.859     0.0919 
     0.649      0.487      0.595      0.829      0.173 
     0.689      0.588      0.647     0.0291      0.949 
     0.296      0.526      0.249      0.172      0.377 
     0.654      0.941      0.577      0.216      0.935 
      0.29     0.0991      0.925      0.378      0.385 
     0.576      0.453      0.057      0.339      0.997 
     0.716     0.0973      0.614      0.354    0.00884 
     0.766      0.693      0.967     0.0436      0.168 
     0.266      0.162      0.431      0.308        0.2 
     0.186     0.0388      0.968     0.0339      0.325 
     0.988      0.262      0.652      0.924      0.802 
      0.55      0.562      0.216      0.444      0.597 
     0.235      0.531      0.308     0.0323      0.234 
     0.199      0.912      0.896      0.163      0.611 
     0.962      0.975      0.533     0.0478      0.669 
     0.128      0.668      0.617      0.178      0.199 
     0.537      0.486      0.023     0.0141    0.00889 
     0.454      0.445      0.691      0.551      0.459 
     0.205      0.476      0.523      0.447      0.933 
     0.735      0.853      0.399     0.0743    0.00153 
     0.275      0.143      0.804      0.423      0.363 
    0.0133      0.729      0.605      0.254      0.674 
     0.882      0.945     0.0387      0.245     0.0591 
      0.75      0.508      0.294     0.0235       0.78 
     0.754      0.221      0.344      0.705      0.406 
     0.485      0.452     0.0859      0.115      0.935 
     0.275      0.269      0.543      0.176      0.924 
     0.395      0.681        0.6      0.651      0.996 
     0.725       0.84      0.437      0.877      0.577 
      0.26      0.438      0.278      0.388      0.183 
     0.227      0.559      0.375      0.294      0.248 
    0.0537      0.799     0.0997     0.0174      0.878 
     0.562      0.643       0.49      0.319      0.399 
     0.613      0.402      0.863      0.321      0.665 
    0.0686      0.908      0.643     0.0278     0.0554 
     0.914      0.784      0.467      0.128      0.146 
    0.0479      0.174      0.698      0.931      0.708 
     0.716      0.894      0.248      0.929       0.87 
     0.596      0.582      0.582      0.773      0.434 
Matrix R
      4.03       3.66       3.07       2.37       3.19 
         0       2.45       1.03      0.676       1.04 
         0          0       2.47      0.992      0.832 
         0          0          0       2.28      0.318 
         0          0          0          0       2.46 
Q^T*Q = 1 is tested True
QR = A is tested True
Vector x:         1          2          3          4          6          9         10         13         15 
Vector y:       117        100         88         72         53       29.5       25.2       15.2       11.1 
Vector dy:         5          5          5          4          4          3          3          2          2 
9
2
9
A
     0.952     -0.952 
     0.921      -1.84 
     0.895      -2.69 
      1.07      -4.28 
     0.993      -5.96 
      1.13      -10.2 
      1.08      -10.8 
      1.36      -17.7 
       1.2      -18.1 
b      4.54       4.24       4.01       4.57       3.94       3.82       3.47        3.7        2.9 
Q
     0.295      0.436 
     0.285      0.362 
     0.277      0.294 
     0.331      0.282 
     0.308      0.134 
      0.35    -0.0659 
     0.333     -0.132 
     0.422     -0.431 
     0.373     -0.536 
R
      3.23      -26.1 
         0       15.5 
      4.96      0.171 

