-4.99609375 -2.14764941013162
-4.98828125 -0.725626713025199
-4.98046875 -0.441385494769244
-4.97265625 -0.319687764463751
-4.96484375 -0.252173847334643
-4.95703125 -0.209291191727479
-4.94921875 -0.179673508266468
-4.94140625 -0.158016597832267
-4.93359375 -0.141512418750557
-4.92578125 -0.128535322201085
-4.91796875 -0.118079010373732
-4.91015625 -0.109487255706269
-4.90234375 -0.102313875004667
-4.89453125 -0.09624493740237
-4.88671875 -0.0910531622428317
-4.87890625 -0.0865699695072443
-4.87109375 -0.0826676938355346
-4.86328125 -0.0792478967100896
-4.85546875 -0.0762334693961198
-4.84765625 -0.0735631658612404
-4.83984375 -0.0711877359324106
-4.83203125 -0.069067137690066
-4.82421875 -0.0671684933443233
-4.81640625 -0.0654645671382932
-4.80859375 -0.0639326161359803
-4.80078125 -0.0625535115426318
-4.79296875 -0.0613110591048345
-4.78515625 -0.0601914679245376
-4.77734375 -0.0591829312439001
-4.76953125 -0.0582752926414604
-4.76171875 -0.0574597780473565
-4.75390625 -0.05672877896197
-4.74609375 -0.0560756758609364
-4.73828125 -0.0554946934013631
-4.73046875 -0.0549807809894599
-4.72265625 -0.054529513722099
-4.71484375 -0.0541370098090913
-4.70703125 -0.0537998614147518
-4.69921875 -0.0535150764947698
-4.69140625 -0.0532800296967446
-4.68359375 -0.0530924207758186
-4.67578125 -0.0529502392769833
-4.66796875 -0.0528517344723995
-4.66015625 -0.0527953897300242
-4.65234375 -0.0527799006399774
-4.64453125 -0.0528041563457548
-4.63671875 -0.0528672236249304
-4.62890625 -0.0529683333433478
-4.62109375 -0.0531068689716828
-4.61328125 -0.0532823569067085
-4.60546875 -0.0534944583838473
-4.59765625 -0.0537429628045303
-4.58984375 -0.054027782332919
-4.58203125 -0.0543489476428599
-4.57421875 -0.0547066047184508
-4.56640625 -0.0551010126310787
-4.55859375 -0.0555325422328461
-4.55078125 -0.0560016757214666
-4.54296875 -0.0565090070454024
-4.53515625 -0.0570552431306189
-4.52734375 -0.0576412059221507
-4.51953125 -0.0582678352450255
-4.51171875 -0.0589361925002171
-4.50390625 -0.059647465222443
-4.49609375 -0.0604029725380717
-4.48828125 -0.0612041715733416
-4.48046875 -0.0620526648758509
-4.47265625 -0.0629502089260408
-4.46484375 -0.063898723830562
-4.45703125 -0.0649003043062408
-4.44921875 -0.0659572320822949
-4.44140625 -0.0670719898698875
-4.43359375 -0.0682472770726231
-4.42578125 -0.0694860274397623
-4.41796875 -0.0707914288965095
-4.41015625 -0.0721669458236233
-4.40234375 -0.0736163441028253
-4.39453125 -0.0751437192963877
-4.38671875 -0.0767535283904049
-4.37890625 -0.0784506256035465
-4.37109375 -0.0802403028488977
-4.36328125 -0.0821283355388042
-4.35546875 -0.0841210345450027
-4.34765625 -0.0862253052733615
-4.33984375 -0.0884487149898762
-4.33203125 -0.0907995697493788
-4.32421875 -0.0932870025396934
-4.31640625 -0.0959210745732551
-4.30859375 -0.0987128920501635
-4.30078125 -0.101674741200152
-4.29296875 -0.104820245010452
-4.28515625 -0.108164545793794
-4.27734375 -0.111724518687468
-4.26953125 -0.115519022355303
-4.26171875 -0.119569194662651
-4.25390625 -0.12389880300751
-4.24609375 -0.128534661450496
-4.23828125 -0.133507129971768
-4.23046875 -0.138850715340096
-4.22265625 -0.144604798549178
-4.21484375 -0.150814521036286
-4.20703125 -0.157531871623956
-4.19921875 -0.164817029283655
-4.19140625 -0.172740034812126
-4.18359375 -0.181382889393359
-4.17578125 -0.190842212854338
-4.16796875 -0.201232643839907
-4.16015625 -0.21269123524484
-4.15234375 -0.225383202175032
-4.14453125 -0.239509534206052
-4.13671875 -0.255317217658836
-4.12890625 -0.27311317517375
-4.12109375 -0.293283601364635
-4.11328125 -0.316321299559211
-4.10546875 -0.342865168340097
-4.09765625 -0.373758641778313
-4.08984375 -0.410138620393948
-4.08203125 -0.453575220000653
-4.07421875 -0.506299783197306
-4.06640625 -0.571593840400766
-4.05859375 -0.654489240001697
-4.05078125 -0.763114552865693
-4.04296875 -0.911510282181274
-4.03515625 -1.1261976869938
-4.02734375 -1.46400844682793
-4.01953125 -2.07270552249243
-4.01171875 -3.49408746200055
-4.00390625 -10.6043443834967
-3.99609375 10.7298577951499
-3.98828125 3.61963012708274
-3.98046875 2.19830666340151
-3.97265625 1.5896973600092
-3.96484375 1.25200374985286
-3.95703125 1.03746297774286
-3.94921875 0.889243495990682
-3.94140625 0.780824204132099
-3.93359375 0.69816478469513
-3.92578125 0.633136880060813
-3.91796875 0.580708883048941
-3.91015625 0.537599532901487
-3.90234375 0.501577785667412
-3.89453125 0.471073853770194
-3.88671875 0.444951195178838
-3.87890625 0.422366765291204
-3.87109375 0.402682086769186
-3.86328125 0.385404810172115
-3.85546875 0.370149228356941
-3.84765625 0.356608940757029
-3.83984375 0.344537518829128
-3.83203125 0.333734567666452
-3.82421875 0.324035505000935
-3.81640625 0.31530395031842
-3.80859375 0.307425978372624
-3.80078125 0.300305725335525
-3.79296875 0.293861990318875
-3.78515625 0.288025578935776
-3.77734375 0.282737206684726
-3.76953125 0.27794582935634
-3.76171875 0.273607302498936
-3.75390625 0.269683296862178
-3.74609375 0.266140414730616
-3.73828125 0.262949465218178
-3.73046875 0.260084866321234
-3.72265625 0.257524148789131
-3.71484375 0.255247542342083
-3.70703125 0.253237628924906
-3.69921875 0.251479050871907
-3.69140625 0.249958264319493
-3.68359375 0.248663330117994
-3.67578125 0.247583735994332
-3.66796875 0.246710244900458
-3.66015625 0.246034765421558
-3.65234375 0.24555024086802
-3.64453125 0.245250554277744
-3.63671875 0.245130447042158
-3.62890625 0.245185449265106
-3.62109375 0.245411820287112
-3.61328125 0.245806498073526
-3.60546875 0.246367056384984
-3.59765625 0.247091668831766
-3.58984375 0.247979079067109
-3.58203125 0.249028576504198
-3.57421875 0.250239977051976
-3.56640625 0.251613608459887
-3.55859375 0.253150299944263
-3.55078125 0.25485137584183
-3.54296875 0.256718653100793
-3.53515625 0.258754442479096
-3.52734375 0.260961553374112
-3.51953125 0.263343302259744
-3.51171875 0.265903524756839
-3.50390625 0.268646591412019
-3.49609375 0.271577427309846
-3.48828125 0.274701535694412
-3.48046875 0.278025025830473
-3.47265625 0.281554645391862
-3.46484375 0.285297817727861
-3.45703125 0.289262684427425
-3.44921875 0.293458153678648
-3.44140625 0.297893955008055
-3.43359375 0.3025807010837
-3.42578125 0.307529957379885
-3.41796875 0.312754320632626
-3.41015625 0.318267507167464
-3.40234375 0.324084452358922
-3.39453125 0.330221422689204
-3.38671875 0.336696142118847
-3.37890625 0.34352793477178
-3.37109375 0.350737886280924
-3.36328125 0.358349026550173
-3.35546875 0.36638653717843
-3.34765625 0.374877987379888
-3.33984375 0.383853602944345
-3.33203125 0.393346573640863
-3.32421875 0.40339340551344
-3.31640625 0.414034325794714
-3.30859375 0.425313749731759
-3.30078125 0.437280820552217
-3.29296875 0.449990036197214
-3.28515625 0.463501979436687
-3.27734375 0.477884171729601
-3.26953125 0.493212075915413
-3.26171875 0.509570278816219
-3.25390625 0.527053892481165
-3.24609375 0.545770222643316
-3.23828125 0.565840765700658
-3.23046875 0.587403612161422
-3.22265625 0.610616356373679
-3.21484375 0.635659641399032
-3.20703125 0.66274150679297
-3.19921875 0.692102759687225
-3.19140625 0.724023661536762
-3.18359375 0.758832322422996
-3.17578125 0.796915334145653
-3.16796875 0.838731371004612
-3.16015625 0.884828771624043
-3.15234375 0.93586853090648
-3.14453125 0.992654749189927
-3.13671875 1.05617552148714
-3.12890625 1.12765869593224
-3.12109375 1.20864921656129
-3.11328125 1.30111847045254
-3.10546875 1.40762223408376
-3.09765625 1.53153443447442
-3.08984375 1.67740287325181
-3.08203125 1.85150822226829
-3.07421875 2.0627760698234
-3.06640625 2.32433276506718
-3.05859375 2.65630593891313
-3.05078125 3.09121012235048
-3.04296875 3.68520758616257
-3.03515625 4.54438363540858
-3.02734375 5.89606526827968
-3.01953125 8.3313046197059
-3.01171875 14.0172961854475
-3.00390625 42.4588007542342
-2.99609375 -42.8775176735877
-2.98828125 -14.4361029677793
-2.98046875 -8.75029097658651
-2.97265625 -6.31532115284905
-2.96484375 -4.96399924258068
-2.95703125 -4.10527342364655
-2.94921875 -3.51181708768195
-2.94140625 -3.07754539831753
-2.93359375 -2.74629663354686
-2.92578125 -2.48555689242624
-2.91796875 -2.27519925663316
-2.91015625 -2.10209817357183
-2.90234375 -1.95732893703806
-2.89453125 -1.83461184456595
-2.88671875 -1.7294001531365
-2.87890625 -1.63832108568033
-2.87109375 -1.55882010932915
-2.86328125 -1.48892717679774
-2.85546875 -1.4270987827668
-2.84765625 -1.37210861970966
-2.83984375 -1.32297023831653
-2.83203125 -1.27888129250308
-2.82421875 -1.23918265389029
-2.81640625 -1.20332796664491
-2.80859375 -1.17086065981761
-2.80078125 -1.14139637012291
-2.79296875 -1.11460934609229
-2.78515625 -1.09022182026862
-2.77734375 -1.06799562056301
-2.76953125 -1.04772548956589
-2.76171875 -1.02923371994717
-2.75390625 -1.01236581361153
-2.74609375 -0.996986944244769
-2.73828125 -0.98297905552264
-2.73046875 -0.970238466159292
-2.72265625 -0.95867388201579
-2.71484375 -0.948204737372347
-2.70703125 -0.93875980410053
-2.69921875 -0.930276020217561
-2.69140625 -0.922697499148129
-2.68359375 -0.915974688676831
-2.67578125 -0.910063654572916
-2.66796875 -0.904925468599729
-2.66015625 -0.900525684374999
-2.65234375 -0.896833887545307
-2.64453125 -0.893823309145059
-2.63671875 -0.891470492954097
-2.62890625 -0.889755009247202
-2.62109375 -0.888659208617786
-2.61328125 -0.888168010617233
-2.60546875 -0.888268722825549
-2.59765625 -0.888950886695533
-2.58984375 -0.890206147119816
-2.58203125 -0.892028143181052
-2.57421875 -0.894412417978743
-2.56640625 -0.897356345796393
-2.55859375 -0.90085907519228
-2.55078125 -0.904921486875875
-2.54296875 -0.9095461654782
-2.53515625 -0.914737384545242
-2.52734375 -0.920501104284465
-2.51953125 -0.926844981781365
-2.51171875 -0.93377839357968
-2.50390625 -0.941312470689769
-2.49609375 -0.949460146259031
-2.48828125 -0.958236216309023
-2.48046875 -0.967657414120903
-2.47265625 -0.977742499036583
-2.46484375 -0.988512360643018
-2.45703125 -0.999990139524497
-2.44921875 -1.01220136600877
-2.44140625 -1.02517411860194
-2.43359375 -1.03893920411161
-2.42578125 -1.05353036180531
-2.41796875 -1.06898449434979
-2.41015625 -1.08534192873905
-2.40234375 -1.10264671095555
-2.39453125 -1.12094693873796
-2.38671875 -1.14029513756656
-2.37890625 -1.16074868584996
-2.37109375 -1.18237029632983
-2.36328125 -1.20522856195195
-2.35546875 -1.22939857592293
-2.34765625 -1.2549626374397
-2.33984375 -1.28201105670865
-2.33203125 -1.31064307545178
-2.32421875 -1.34096792223413
-2.31640625 -1.37310602578013
-2.30859375 -1.40719041415156
-2.30078125 -1.44336833346337
-2.29296875 -1.48180312700879
-2.28515625 -1.5226764246338
-2.27734375 -1.56619070344193
-2.26953125 -1.61257229508282
-2.26171875 -1.66207493285759
-2.25390625 -1.71498395483129
-2.24609375 -1.77162130865858
-2.23828125 -1.83235154205408
-2.23046875 -1.89758901272459
-2.22265625 -1.96780661721986
-2.21484375 -2.04354642527892
-2.20703125 -2.12543272295714
-2.19921875 -2.21418812571811
-2.19140625 -2.3106536385763
-2.18359375 -2.41581383896384
-2.17578125 -2.53082877601725
-2.16796875 -2.65707477298727
-2.16015625 -2.79619717282754
-2.15234375 -2.95017931422473
-2.14453125 -3.12143387928864
-2.13671875 -3.31292556153974
-2.12890625 -3.52833834156924
-2.12109375 -3.77230751575183
-2.11328125 -4.05074773808856
-2.10546875 -4.37132685975228
-2.09765625 -4.74416721303989
-2.08984375 -5.18291278414913
-2.08203125 -5.70640620066283
-2.07421875 -6.34142487090239
-2.06640625 -7.1273485178818
-2.05859375 -8.12456074284759
-2.05078125 -9.4306058810771
-2.04296875 -11.2139715219556
-2.03515625 -13.792914393408
-2.02734375 -17.8494163395185
-2.01953125 -25.1566346524709
-2.01171875 -42.2161537460154
-2.00390625 -127.542256953138
-1.99609375 128.465062717343
-1.98828125 43.1391358216843
-1.98046875 26.0799688091227
-1.97265625 18.773278895774
-1.96484375 14.7174821293699
-1.95703125 12.1394218035173
-1.94921875 10.3571168015621
-1.94140625 9.05231126926994
-1.93359375 8.05651863981915
-1.92578125 7.27219575166896
-1.91796875 6.63896033087881
-1.91015625 6.11743413793363
-1.90234375 5.68084140710657
-1.89453125 5.31034131571628
-1.88671875 4.99229184831201
-1.87890625 4.71657281307189
-1.87109375 4.47551867326925
-1.86328125 4.26321726794042
-1.85546875 4.07503597735364
-1.84765625 3.9072936865951
-1.83984375 3.75702876271922
-1.83203125 3.62183178540913
-1.82421875 3.49972288579172
-1.81640625 3.38906040605851
-1.80859375 3.28847193128462
-1.80078125 3.19680155225832
-1.79296875 3.11306907209371
-1.78515625 3.03643811660752
-1.77734375 2.96619096179805
-1.76953125 2.90170848477429
-1.76171875 2.84245406251035
-1.75390625 2.78796054139114
-1.74609375 2.73781961642216
-1.73828125 2.69167311688035
-1.73046875 2.64920581189588
-1.72265625 2.61013943658205
-1.71484375 2.57422770497571
-1.70703125 2.54125212594401
-1.69921875 2.51101847644662
-1.69140625 2.48335381606665
-1.68359375 2.45810394969134
-1.67578125 2.43513126321269
-1.66796875 2.41431287130318
-1.66015625 2.39553902757568
-1.65234375 2.378711756419
-1.64453125 2.36374367301252
-1.63671875 2.35055696384381
-1.62890625 2.33908250477878
-1.62109375 2.32925909758803
-1.61328125 2.32103280899582
-1.60546875 2.31435639892438
-1.59765625 2.30918882676769
-1.58984375 2.30549482632984
-1.58203125 2.30324454157295
-1.57421875 2.30241321659372
-1.56640625 2.30298093432903
-1.55859375 2.30493239941775
-1.55078125 2.3082567614451
-1.54296875 2.31294747549339
-1.53515625 2.31900219753852
-1.52734375 2.32642271278144
-1.51953125 2.33521489550383
-1.51171875 2.34538869949896
-1.50390625 2.35695817856305
-1.49609375 2.36994153695125
-1.48828125 2.38436121011269
-1.48046875 2.40024397643271
-1.47265625 2.41762110113343
-1.46484375 2.43652851392869
-1.45703125 2.45700702250355
-1.44921875 2.4791025644043
-1.44140625 2.50286650049302
-1.43359375 2.52835595375599
-1.42578125 2.55563419797304
-1.41796875 2.58477110157236
-1.41015625 2.61584363293747
-1.40234375 2.64893643452213
-1.39453125 2.68414247439989
-1.38671875 2.72156378536394
-1.37890625 2.76131230344776
-1.37109375 2.80351081981331
-1.36328125 2.8482940624255
-1.35546875 2.89580992688097
-1.34765625 2.9462208793018
-1.33984375 2.99970555847064
-1.33203125 3.05646060954967
-1.32421875 3.11670278800511
-1.31640625 3.18067138002975
-1.30859375 3.24863099517021
-1.30078125 3.32087479847628
-1.29296875 3.39772826388344
-1.28515625 3.47955354847959
-1.27734375 3.56675460979159
-1.26953125 3.65978321657467
-1.26171875 3.759146039549
-1.25390625 3.86541305444397
-1.24609375 3.97922754874485
-1.23828125 4.10131809998824
-1.23046875 4.23251299322556
-1.22265625 4.37375767655509
-1.21484375 4.52613602786385
-1.20703125 4.690896439339
-1.19921875 4.86948404210663
-1.19140625 5.06358082516135
-1.18359375 5.27515599992494
-1.17578125 5.50652979781878
-1.16796875 5.76045507424974
-1.16015625 6.04022279911574
-1.15234375 6.34980000835087
-1.14453125 6.69401249894321
-1.13671875 7.07879016469624
-1.12890625 7.51150154748138
-1.12109375 8.00141789473923
-1.11328125 8.56036924338246
-1.10546875 9.20369209924405
-1.09765625 9.95163200547822
-1.08984375 10.8314778887492
-1.08203125 11.8809160349737
-1.07421875 13.153502368942
-1.06640625 14.7279975232792
-1.05859375 16.7251699667214
-1.05078125 19.3401097170526
-1.04296875 22.9097933827453
-1.03515625 28.0707359334591
-1.02734375 36.1869026570707
-1.01953125 50.8046098254982
-1.01171875 84.9270280437428
-1.00390625 255.582725847507
-0.99609375 -256.428308783458
-0.98828125 -85.7727348954595
-0.98046875 -51.6505632274428
-0.97265625 -37.0332259467417
-0.96484375 -28.9175527776293
-0.95703125 -23.7572278264148
-0.94921875 -20.1882862655448
-0.94140625 -17.5742136751061
-0.93359375 -15.5780340887128
-0.92578125 -14.0046582248937
-0.91796875 -12.7333184471152
-0.91015625 -11.6852550525373
-0.90234375 -10.8069131455504
-0.89453125 -10.0606075707906
-0.88671875 -9.41905063568242
-0.87890625 -8.86199813706086
-0.87109375 -8.37411501756239
-0.86328125 -7.94357280002962
-0.85546875 -7.56110191110539
-0.84765625 -7.21933560062297
-0.83984375 -6.91234588765919
-0.83203125 -6.63530901311282
-0.82421875 -6.38426010806538
-0.81640625 -6.15591050319222
-0.80859375 -5.94750978197179
-0.80078125 -5.75674029527768
-0.79296875 -5.58163556285552
-0.78515625 -5.42051648160015
-0.77734375 -5.27194096725825
-0.76953125 -5.13466384219825
-0.76171875 -5.00760461793815
-0.75390625 -4.8898214182993
-0.74609375 -4.78048972086213
-0.73828125 -4.67888491020218
-0.73046875 -4.5843678698042
-0.72265625 -4.49637301379955
-0.71484375 -4.41439829095444
-0.70703125 -4.33799679311537
-0.69921875 -4.26676967677453
-0.69140625 -4.20036016545648
-0.68359375 -4.13844844655065
-0.67578125 -4.08074731218064
-0.66796875 -4.02699842205648
-0.66015625 -3.97696908874869
-0.65234375 -3.93044950377045
-0.64453125 -3.88725033725887
-0.63671875 -3.84720065566624
-0.62890625 -3.8101461112998
-0.62109375 -3.77594736523059
-0.61328125 -3.74447871138778
-0.60546875 -3.71562687483563
-0.59765625 -3.68928996151557
-0.58984375 -3.66537654029782
-0.58203125 -3.64380484116033
-0.57421875 -3.62450205580964
-0.56640625 -3.60740372916383
-0.55859375 -3.59245323190501
-0.55078125 -3.57960130583479
-0.54296875 -3.56880567507769
-0.53515625 -3.560030717315
-0.52734375 -3.55324719022478
-0.51953125 -3.54843200918355
-0.51171875 -3.54556807307069
-0.50390625 -3.54464413572959
-0.49609375 -3.54565472129817
-0.48828125 -3.54860008223802
-0.48046875 -3.55348619948436
-0.47265625 -3.56032482471602
-0.46484375 -3.56913356532523
-0.45703125 -3.57993601325712
-0.44921875 -3.5927619195078
-0.44140625 -3.60764741672626
-0.43359375 -3.62463529307988
-0.42578125 -3.64377532132875
-0.41796875 -3.66512464793268
-0.41015625 -3.68874824800948
-0.40234375 -3.71471945309939
-0.39453125 -3.74312056000296
-0.38671875 -3.77404353048516
-0.37890625 -3.80759079342601
-0.37109375 -3.84387616310341
-0.36328125 -3.88302588979102
-0.35546875 -3.92517986182694
-0.34765625 -3.97049298187157
-0.33984375 -4.01913674435714
-0.33203125 -4.0713010463142
-0.32421875 -4.12719627005364
-0.31640625 -4.18705568386728
-0.30859375 -4.25113821633602
-0.30078125 -4.31973167145547
-0.29296875 -4.39315646619305
-0.28515625 -4.47176999003822
-0.27734375 -4.55597170860098
-0.26953125 -4.64620916166707
-0.26171875 -4.74298504208722
-0.25390625 -4.84686558779888
-0.24609375 -4.95849057831878
-0.23828125 -5.07858530350106
-0.23046875 -5.20797497213301
-0.22265625 -5.34760215922556
-0.21484375 -5.49854806510023
-0.20703125 -5.6620585927959
-0.19921875 -5.83957656612006
-0.19140625 -6.03278184247739
-0.18359375 -6.24364167178616
-0.17578125 -6.47447448884161
-0.16796875 -6.72803151250262
-0.16015625 -7.00760223178661
-0.15234375 -7.31715235337308
-0.14453125 -7.66150649293109
-0.13671875 -8.0465935075258
-0.12890625 -8.4797810438364
-0.12109375 -8.97033959293031
-0.11328125 -9.53009857173438
-0.10546875 -10.1743940003362
-0.09765625 -10.9234710685132
-0.08984375 -11.8046184803165
-0.08203125 -12.8555224284677
-0.07421875 -14.129738872887
-0.06640625 -15.7060286088094
-0.05859375 -17.7051603944589
-0.05078125 -20.3222246636217
-0.04296875 -23.8941985671601
-0.03515625 -29.0575977436198
-0.02734375 -37.1763882766
-0.01953125 -51.7968873611522
-0.01171875 -85.9222666536298
-0.00390625 -256.581095870345
0.00390625 255.426631259248
0.01171875 84.7675841857514
0.01953125 50.6417622856972
0.02734375 36.020598050506
0.03515625 27.9009195798298
0.04296875 22.7364090501452
0.05078125 19.1630995226819
0.05859375 16.5444743071859
0.06640625 14.5435550119101
0.07421875 12.9652497741057
0.08203125 11.6887882172778
0.08984375 10.6354077362427
0.09765625 9.75155036636606
0.10546875 8.99952771180432
0.11328125 8.35204866284514
0.12109375 7.78886541691096
0.12890625 7.29463912891347
0.13671875 6.85753733918925
0.14453125 6.46828629017709
0.15234375 6.11951483841994
0.16015625 5.80529039273541
0.16796875 5.52078435838852
0.17578125 5.26202679649398
0.18359375 5.02572372388323
0.19140625 4.80911915614708
0.19921875 4.60988961140095
0.20703125 4.42606250023068
0.21484375 4.25595232169
0.22265625 4.09811029192352
0.23046875 3.95128421800424
0.23828125 3.81438626561642
0.24609375 3.68646686638875
0.25390625 3.56669344248468
0.26171875 3.45433294185275
0.26953125 3.34873741095341
0.27734375 3.24933200601827
0.28515625 3.15560497517284
0.29296875 3.06709924352373
0.30078125 2.98340530975803
0.30859375 2.90415522183079
0.31640625 2.8290174452283
0.32421875 2.75769247324837
0.33203125 2.68990905708012
0.33984375 2.62542095594241
0.34765625 2.56400412547122
0.35546875 2.50545427693038
0.36328125 2.44958475142053
0.37109375 2.3962246626632
0.37890625 2.34521726959446
0.38671875 2.29641854626799
0.39453125 2.24969592171573
0.40234375 2.20492716666366
0.41015625 2.16199940752001
0.41796875 2.12080825098231
0.42578125 2.08125700505372
0.43359375 2.04325598430768
0.44140625 2.00672188896167
0.44921875 1.97157724877373
0.45703125 1.9377499240036
0.46484375 1.90517265672454
0.47265625 1.87378266665863
0.48046875 1.8435212864672
0.48828125 1.81433363207663
0.49609375 1.78616830417619
0.50390625 1.75897711750453
0.51171875 1.73271485495401
0.51953125 1.70733904388007
0.52734375 1.68280975231193
0.53515625 1.65908940303054
0.54296875 1.63614260371354
0.55078125 1.6139359915514
0.55859375 1.59243809091743
0.56640625 1.57161918283078
0.57421875 1.55145118508895
0.58203125 1.53190754206673
0.58984375 1.51296312328504
0.59765625 1.49459412994665
0.60546875 1.47677800871905
0.61328125 1.45949337211764
0.62109375 1.44271992490796
0.62890625 1.42643839600305
0.63671875 1.41063047538381
0.64453125 1.3952787556158
0.65234375 1.38036667757698
0.66015625 1.3658784800471
0.66796875 1.35179915284266
0.67578125 1.33811439320988
0.68359375 1.3248105652152
0.69140625 1.31187466189573
0.69921875 1.29929426995376
0.70703125 1.28705753679829
0.71484375 1.27515313975382
0.72265625 1.26357025727234
0.73046875 1.25229854199821
0.73828125 1.24132809554872
0.74609375 1.23064944488421
0.75390625 1.22025352015251
0.76171875 1.21013163390164
0.76953125 1.20027546156329
0.77734375 1.19067702311776
0.78515625 1.18132866585785
0.79296875 1.17222304817572
0.80078125 1.16335312430299
0.80859375 1.1547121299392
0.81640625 1.14629356870932
0.82421875 1.13809119939499
0.83203125 1.13009902388871
0.83984375 1.12231127582369
0.84765625 1.11472240983583
0.85546875 1.10732709141718
0.86328125 1.10012018732348
0.87109375 1.09309675650088
0.87890625 1.08625204149944
0.88671875 1.07958146034339
0.89453125 1.07308059883005
0.90234375 1.0667452032316
0.91015625 1.06057117337511
0.91796875 1.05455455607863
0.92578125 1.0486915389219
0.93359375 1.04297844433225
0.94140625 1.03741172396734
0.94921875 1.03198795337743
0.95703125 1.02670382693136
0.96484375 1.02155615299114
0.97265625 1.01654184932111
0.98046875 1.01165793871874
0.98828125 1.0069015448545
0.99609375 1.00226988830952
1.00390625 0.997760278356438
1.01171875 0.993370127176774
1.01953125 0.989096919642523
1.02734375 0.984938227943523
1.03515625 0.98089170397839
1.04296875 0.976955076373427
1.05078125 0.97312614763619
1.05859375 0.969402791436677
1.06640625 0.965782950009652
1.07421875 0.96226463167191
1.08203125 0.958845908448566
1.08984375 0.955524913803052
1.09765625 0.952299840465436
1.10546875 0.949168938354362
1.11328125 0.946130512587926
1.12109375 0.943182921579061
1.12890625 0.940324575211502
1.13671875 0.937553933092281
1.14453125 0.934869502877158
1.15234375 0.932269838665538
1.16015625 0.92975353946153
1.16796875 0.927319247698072
1.17578125 0.924965647821208
1.18359375 0.922691464931688
1.19140625 0.920495463481277
1.19921875 0.918376446021283
1.20703125 0.916333252000883
1.21484375 0.914364756613086
1.22265625 0.912469869686096
1.23046875 0.910647534618164
1.23828125 0.908896727353911
1.24609375 0.907216455400357
1.25390625 0.905605756880875
1.26171875 0.904063699625525
1.26953125 0.902589380296036
1.27734375 0.901181923544128
1.28515625 0.89984048120163
1.29296875 0.898564231501093
1.30078125 0.897352378325657
1.30859375 0.896204150486846
1.31640625 0.895118801029268
1.32421875 0.894095606560995
1.33203125 0.893133866608633
1.33984375 0.892232902996052
1.34765625 0.891392059245853
1.35546875 0.890610700002596
1.36328125 0.889888210476988
1.37109375 0.889223995910173
1.37890625 0.888617481057277
1.38671875 0.888068109689573
1.39453125 0.887575344114407
1.40234375 0.887138664712333
1.41015625 0.88675756949063
1.41796875 0.886431573652763
1.42578125 0.886160209183031
1.43359375 0.885943024445906
1.44140625 0.885779583799488
1.44921875 0.885669467222573
1.45703125 0.885612269954772
1.46484375 0.8856076021493
1.47265625 0.885655088537867
1.48046875 0.885754368107289
1.48828125 0.885905093787418
1.49609375 0.886106932149907
1.50390625 0.886359563117517
1.51171875 0.886662679683497
1.51953125 0.887015987640818
1.52734375 0.887419205320743
1.53515625 0.887872063340563
1.54296875 0.888374304360087
1.55078125 0.88892568284667
1.55859375 0.889525964848409
1.56640625 0.890174927775246
1.57421875 0.890872360187793
1.58203125 0.891618061593529
1.58984375 0.892411842250161
1.59765625 0.89325352297593
1.60546875 0.894142934966611
1.61328125 0.895079919619023
1.62109375 0.896064328360804
1.62890625 0.897096022486295
1.63671875 0.898174872998286
1.64453125 0.899300760455496
1.65234375 0.900473574825605
1.66015625 0.90169321534359
1.66796875 0.90295959037537
1.67578125 0.904272617286365
1.68359375 0.905632222315081
1.69140625 0.907038340451346
1.69921875 0.908490915319231
1.70703125 0.909989899064416
1.71484375 0.911535252245896
1.72265625 0.913126943731962
1.73046875 0.914764950600256
1.73828125 0.916449258041829
1.74609375 0.918179859269078
1.75390625 0.91995675542748
1.76171875 0.921779955511016
1.76953125 0.923649476281122
1.77734375 0.925565342189198
1.78515625 0.927527585302451
1.79296875 0.929536245233091
1.80078125 0.931591369070754
1.80859375 0.933693011318026
1.81640625 0.935841233829096
1.82421875 0.938036105751337
1.83203125 0.940277703469901
1.83984375 0.94256611055505
1.84765625 0.944901417712404
1.85546875 0.94728372273579
1.86328125 0.949713130462844
1.87109375 0.952189752733188
1.87890625 0.954713708349116
1.88671875 0.957285123038861
1.89453125 0.959904129422194
1.90234375 0.96257086697851
1.91015625 0.965285482017192
1.91796875 0.968048127650309
1.92578125 0.970858963767536
1.93359375 0.97371815701331
1.94140625 0.976625880766126
1.94921875 0.979582315119981
1.95703125 0.982587646867907
1.96484375 0.985642069487543
1.97265625 0.988745783128739
1.98046875 0.99189899460314
1.98828125 0.995101917375741
1.99609375 0.998354771558315
2.00390625 1.00165777944377
2.01171875 1.00501118335463
2.01953125 1.00841521885429
2.02734375 1.01187013261385
2.03515625 1.01537617794638
2.04296875 1.01893361481135
2.05078125 1.02254270982084
2.05859375 1.02620373624742
2.06640625 1.02991697403373
2.07421875 1.03368270980381
2.08203125 1.03750123687599
2.08984375 1.04137285527754
2.09765625 1.04529787176089
2.10546875 1.04927659982142
2.11328125 1.05330935971703
2.12109375 1.05739647848903
2.12890625 1.06153828998486
2.13671875 1.06573513488224
2.14453125 1.06998736071487
2.15234375 1.07429532189974
2.16015625 1.07865937976592
2.16796875 1.08307990258486
2.17578125 1.08755726560228
2.18359375 1.09209185107149
2.19140625 1.09668404828824
2.19921875 1.10133425362709
2.20703125 1.10604287057919
2.21484375 1.11081030979168
2.22265625 1.11563698910839
2.23046875 1.12052333361219
2.23828125 1.12546977566871
2.24609375 1.13047675497154
2.25390625 1.13554471858891
2.26171875 1.14067412101189
2.26953125 1.14586542420395
2.27734375 1.15111909765207
2.28515625 1.15643561841928
2.29296875 1.16181547119868
2.30078125 1.16725914836892
2.30859375 1.17276715005115
2.31640625 1.17833998416743
2.32421875 1.18397816650069
2.33203125 1.18968222075603
2.33984375 1.19545267862362
2.34765625 1.20129007984304
2.35546875 1.20719497226914
2.36328125 1.21316791193933
2.37109375 1.21920946314246
2.37890625 1.22532019848914
2.38671875 1.23150069898359
2.39453125 1.23775155409704
2.40234375 1.24407336184269
2.41015625 1.25046672885202
2.41796875 1.25693227045294
2.42578125 1.26347061074924
2.43359375 1.27008238270175
2.44140625 1.27676822821098
2.44921875 1.28352879820146
2.45703125 1.29036475270754
2.46484375 1.29727676096089
2.47265625 1.30426550147959
2.48046875 1.31133166215884
2.48828125 1.31847594036331
2.49609375 1.32569904302115
2.50390625 1.3330016867197
2.51171875 1.34038459780279
2.51953125 1.34784851246984
2.52734375 1.3553941768766
2.53515625 1.36302234723766
2.54296875 1.3707337899306
2.55078125 1.37852928160206
2.55859375 1.38640960927545
2.56640625 1.39437557046044
2.57421875 1.40242797326438
2.58203125 1.41056763650539
2.58984375 1.4187953898274
2.59765625 1.42711207381701
2.60546875 1.43551854012218
2.61328125 1.44401565157288
2.62109375 1.45260428230365
2.62890625 1.46128531787807
2.63671875 1.47005965541516
2.64453125 1.47892820371783
2.65234375 1.48789188340325
2.66015625 1.49695162703526
2.66796875 1.50610837925892
2.67578125 1.51536309693692
2.68359375 1.52471674928828
2.69140625 1.53417031802903
2.69921875 1.5437247975151
2.70703125 1.5533811948873
2.71484375 1.56314053021855
2.72265625 1.57300383666326
2.73046875 1.58297216060904
2.73828125 1.59304656183052
2.74609375 1.60322811364562
2.75390625 1.61351790307398
2.76171875 1.62391703099792
2.76953125 1.63442661232558
2.77734375 1.64504777615658
2.78515625 1.65578166595008
2.79296875 1.66662943969527
2.80078125 1.67759227008444
2.80859375 1.68867134468846
2.81640625 1.69986786613488
2.82421875 1.71118305228857
2.83203125 1.72261813643509
2.83984375 1.73417436746652
2.84765625 1.74585301007018
2.85546875 1.75765534491992
2.86328125 1.76958266887022
2.87109375 1.78163629515311
2.87890625 1.79381755357783
2.88671875 1.80612779073348
2.89453125 1.81856837019439
2.90234375 1.83114067272865
2.91015625 1.8438460965094
2.91796875 1.8566860573293
2.92578125 1.86966198881795
2.93359375 1.88277534266245
2.94140625 1.89602758883111
2.94921875 1.90942021580028
2.95703125 1.92295473078446
2.96484375 1.93663265996967
2.97265625 1.95045554875005
2.98046875 1.96442496196794
2.98828125 1.97854248415723
2.99609375 1.99280971979023
3.00390625 2.00722828458849
3.01171875 2.02179984151419
3.01953125 2.03652604745183
3.02734375 2.05140858916637
3.03515625 2.06644917464869
3.04296875 2.08164953338412
3.05078125 2.09701141662477
3.05859375 2.11253659766559
3.06640625 2.12822687212439
3.07421875 2.14408405822587
3.08203125 2.16010999708946
3.08984375 2.17630655302143
3.09765625 2.19267561381093
3.10546875 2.20921909103026
3.11328125 2.2259389203395
3.12109375 2.24283706179508
3.12890625 2.25991550016308
3.13671875 2.27717624523666
3.14453125 2.29462133215807
3.15234375 2.31225282174515
3.16015625 2.33007280082247
3.16796875 2.34808338255702
3.17578125 2.36628670679871
3.18359375 2.38468494042564
3.19140625 2.40328027769415
3.19921875 2.42207494059394
3.20703125 2.44107117920798
3.21484375 2.46027127207766
3.22265625 2.47967752657295
3.23046875 2.49929227926782
3.23828125 2.51911789632098
3.24609375 2.53915677386185
3.25390625 2.55941133838203
3.26171875 2.57988404713237
3.26953125 2.60057738852538
3.27734375 2.62149388254358
3.28515625 2.64263608115344
3.29296875 2.6640065687251
3.30078125 2.68560796245818
3.30859375 2.70744291281339
3.31640625 2.72951410395035
3.32421875 2.75182425417153
3.33203125 2.77437611637246
3.33984375 2.79717247849823
3.34765625 2.82021616400652
3.35546875 2.84351003233708
3.36328125 2.86705697938787
3.37109375 2.89085993799795
3.37890625 2.91492187843705
3.38671875 2.93924580890224
3.39453125 2.96383477602144
3.40234375 2.98869186536427
3.41015625 3.01382020195975
3.41796875 3.03922295082176
3.42578125 3.06490331748156
3.43359375 3.09086454852808
3.44140625 3.11710993215571
3.44921875 3.14364279871999
3.45703125 3.17046652130094
3.46484375 3.19758451627469
3.47265625 3.2250002438929
3.48046875 3.25271720887056
3.48828125 3.28073896098213
3.49609375 3.30906909566607
3.50390625 3.33771125463801
3.51171875 3.36666912651247
3.51953125 3.39594644743377
3.52734375 3.42554700171548
3.53515625 3.45547462248923
3.54296875 3.48573319236259
3.55078125 3.51632664408651
3.55859375 3.54725896123211
3.56640625 3.578534178877
3.57421875 3.61015638430166
3.58203125 3.64212971769555
3.58984375 3.67445837287332
3.59765625 3.70714659800122
3.60546875 3.74019869633395
3.61328125 3.77361902696193
3.62109375 3.80741200556933
3.62890625 3.84158210520289
3.63671875 3.8761338570517
3.64453125 3.91107185123816
3.65234375 3.94640073762033
3.66015625 3.98212522660551
3.66796875 4.01825008997594
3.67578125 4.05478016172574
3.68359375 4.09172033891035
3.69140625 4.12907558250783
3.69921875 4.16685091829271
3.70703125 4.20505143772227
3.71484375 4.24368229883551
3.72265625 4.28274872716521
3.73046875 4.32225601666296
3.73828125 4.36220953063749
3.74609375 4.40261470270652
3.75390625 4.44347703776233
3.76171875 4.4848021129513
3.76953125 4.52659557866733
3.77734375 4.56886315955988
3.78515625 4.61161065555627
3.79296875 4.65484394289889
3.80078125 4.69856897519745
3.80859375 4.74279178449611
3.81640625 4.78751848235644
3.82421875 4.83275526095562
3.83203125 4.87850839420094
3.83984375 4.92478423885999
3.84765625 4.97158923570767
3.85546875 5.01892991068931
3.86328125 5.06681287610106
3.87109375 5.11524483178726
3.87890625 5.16423256635493
3.88671875 5.2137829584064
3.89453125 5.26390297778923
3.90234375 5.31459968686479
3.91015625 5.36588024179494
3.91796875 5.41775189384762
3.92578125 5.47022199072127
3.93359375 5.52329797788869
3.94140625 5.57698739996026
3.94921875 5.63129790206722
3.95703125 5.68623723126498
3.96484375 5.74181323795694
3.97265625 5.79803387733902
3.98046875 5.85490721086538
3.98828125 5.91244140773549
3.99609375 5.97064474640276
4.00390625 6.02952558925214
4.01171875 6.08909249143532
4.01953125 6.14935404171979
4.02734375 6.21031897110912
4.03515625 6.2719961277423
4.04296875 6.33439447853996
4.05078125 6.39752311087479
4.05859375 6.46139123426622
4.06640625 6.52600818210018
4.07421875 6.59138341337406
4.08203125 6.65752651446712
4.08984375 6.72444720093731
4.09765625 6.792155319344
4.10546875 6.86066084909789
4.11328125 6.92997390433821
4.12109375 7.00010473583699
4.12890625 7.07106373293214
4.13671875 7.14286142548844
4.14453125 7.21550848588767
4.15234375 7.28901573104817
4.16015625 7.36339412447412
4.16796875 7.43865477833492
4.17578125 7.51480895557559
4.18359375 7.59186807205818
4.19140625 7.66984369873485
4.19921875 7.74874756385327
4.20703125 7.82859155519434
4.21484375 7.90938772234343
4.22265625 7.99114827899485
4.23046875 8.07388560529098
4.23828125 8.15761225019568
4.24609375 8.24234093390313
4.25390625 8.32808455028216
4.26171875 8.41485616935753
4.26953125 8.50266903982711
4.27734375 8.59153659161744
4.28515625 8.68147243847673
4.29296875 8.77249038060647
4.30078125 8.86460440733267
4.30859375 8.95782869981617
4.31640625 9.05217763380408
4.32421875 9.14766578242177
4.33203125 9.24430791900669
4.33984375 9.34211901998432
4.34765625 9.44111426778745
4.35546875 9.54130905381857
4.36328125 9.64271898145687
4.37109375 9.74535986911028
4.37890625 9.84924775331268
4.38671875 9.95439889186812
4.39453125 10.0608297670415
4.40234375 10.168557088798
4.41015625 10.2775977980893
4.41796875 10.3879690701916
4.42578125 10.4996883180911
4.43359375 10.6127731959226
4.44140625 10.7272416024578
4.44921875 10.8431116846475
4.45703125 10.9604018412162
4.46484375 11.0791307263111
4.47265625 11.1993172532062
4.48046875 11.3209805980612
4.48828125 11.4441402037385
4.49609375 11.5688157836763
4.50390625 11.6950273258214
4.51171875 11.82279509662
4.51953125 11.9521396450696
4.52734375 12.0830818068323
4.53515625 12.2156427084092
4.54296875 12.3498437713784
4.55078125 12.4857067166978
4.55859375 12.6232535690721
4.56640625 12.7625066613855
4.57421875 12.9034886392032
4.58203125 13.0462224653391
4.58984375 13.1907314244944
4.59765625 13.3370391279653
4.60546875 13.4851695184228
4.61328125 13.6351468747648
4.62109375 13.7869958170421
4.62890625 13.9407413114589
4.63671875 14.0964086754497
4.64453125 14.2540235828328
4.65234375 14.413612069043
4.66015625 14.5752005364428
4.66796875 14.7388157597164
4.67578125 14.9044848913434
4.68359375 15.072235467158
4.69140625 15.2420954119918
4.69921875 15.4140930454031
4.70703125 15.5882570874939
4.71484375 15.7646166648147
4.72265625 15.9432013163611
4.73046875 16.1240409996606
4.73828125 16.3071660969534
4.74609375 16.492607421467
4.75390625 16.6803962237875
4.76171875 16.8705641983285
4.76953125 17.0631434898983
4.77734375 17.2581667003688
4.78515625 17.4556668954454
4.79296875 17.6556776115423
4.80078125 17.8582328627622
4.80859375 18.0633671479832
4.81640625 18.2711154580556
4.82421875 18.4815132831076
4.83203125 18.6945966199653
4.83984375 18.9104019796851
4.84765625 19.1289663952034
4.85546875 19.3503274291029
4.86328125 19.5745231814998
4.87109375 19.8015922980515
4.87890625 20.0315739780877
4.88671875 20.2645079828686
4.89453125 20.5004346439682
4.90234375 20.7393948717888
4.91015625 20.981430164206
4.91796875 21.2265826153483
4.92578125 21.4748949245112
4.93359375 21.7264104052106
4.94140625 21.9811729943746
4.94921875 22.2392272616795
4.95703125 22.500618419029
4.96484375 22.7653923301808
4.97265625 23.0335955205226
4.98046875 23.3052751869993
4.98828125 23.580479208195
