0	1	0
0.01	0.995403023058681	0.00997701511529341
0.02	0.990806046117363	0.0199080604611736
0.03	0.986209069176044	0.0297931360376407
0.04	0.981612092234726	0.0396322418446945
0.05	0.977015115293407	0.0494253778823352
0.06	0.972418138352088	0.0591725441505627
0.07	0.96782116141077	0.0688737406493769
0.08	0.963224184469451	0.0785289673787781
0.09	0.958627207528133	0.088138224338766
0.1	0.954030230586814	0.0977015115293407
0.11	0.949433253645495	0.107218828950502
0.12	0.944836276704177	0.116690176602251
0.13	0.940239299762858	0.126115554484586
0.14	0.93564232282154	0.135494962597508
0.15	0.931045345880221	0.144828400941017
0.16	0.926448368938902	0.154115869515112
0.17	0.921851391997584	0.163357368319795
0.18	0.917254415056265	0.172552897355064
0.19	0.912657438114947	0.18170245662092
0.2	0.908060461173628	0.190806046117363
0.21	0.903463484232309	0.199863665844393
0.22	0.898866507290991	0.208875315802009
0.23	0.894269530349672	0.217840995990212
0.24	0.889672553408353	0.226760706409003
0.25	0.885075576467035	0.235634447058379
0.26	0.880478599525716	0.244462217938343
0.27	0.875881622584398	0.253244019048894
0.28	0.871284645643079	0.261979850390031
0.29	0.866687668701761	0.270669711961755
0.3	0.862090691760442	0.279313603764066
0.31	0.857493714819123	0.287911525796964
0.32	0.852896737877805	0.296463478060449
0.33	0.848299760936486	0.30496946055452
0.34	0.843702783995167	0.313429473279179
0.35	0.839105807053849	0.321843516234424
0.36	0.83450883011253	0.330211589420256
0.37	0.829911853171212	0.338533692836674
0.38	0.825314876229893	0.34680982648368
0.39	0.820717899288574	0.355039990361272
0.4	0.816120922347256	0.363224184469451
0.41	0.811523945405937	0.371362408808217
0.42	0.806926968464619	0.37945466337757
0.43	0.8023299915233	0.38750094817751
0.44	0.797733014581981	0.395501263208036
0.45	0.793136037640663	0.403455608469149
0.46	0.788539060699344	0.411363983960849
0.47	0.783942083758026	0.419226389683136
0.48	0.779345106816707	0.42704282563601
0.49	0.774748129875388	0.43481329181947
0.5	0.77015115293407	0.442537788233518
0.51	0.765554175992751	0.450216314878152
0.52	0.760957199051433	0.457848871753373
0.53	0.756360222110114	0.46543545885918
0.54	0.751763245168795	0.472976076195575
0.55	0.747166268227477	0.480470723762556
0.56	0.742569291286158	0.487919401560125
0.57	0.73797231434484	0.495322109588279
0.58	0.733375337403521	0.502678847847021
0.59	0.728778360462202	0.50998961633635
0.6	0.724181383520884	0.517254415056265
0.61	0.719584406579565	0.524473244006768
0.62	0.714987429638247	0.531646103187857
0.63	0.710390452696928	0.538772992599533
0.64	0.705793475755609	0.545853912241795
0.65	0.701196498814291	0.552888862114645
0.66	0.696599521872972	0.559877842218081
0.67	0.692002544931653	0.566820852552104
0.68	0.687405567990335	0.573717893116714
0.69	0.682808591049016	0.580568963911911
0.7	0.678211614107698	0.587374064937695
0.71	0.673614637166379	0.594133196194065
0.72	0.66901766022506	0.600846357681022
0.73	0.664420683283742	0.607513549398566
0.74	0.659823706342423	0.614134771346697
0.75	0.655226729401105	0.620710023525415
0.76	0.650629752459786	0.627239305934719
0.77	0.646032775518467	0.63372261857461
0.78	0.641435798577149	0.640159961445088
0.79	0.63683882163583	0.646551334546153
0.8	0.632241844694512	0.652896737877805
0.81	0.627644867753193	0.659196171440044
0.820000000000001	0.623047890811874	0.665449635232869
0.830000000000001	0.618450913870556	0.671657129256281
0.840000000000001	0.613853936929237	0.67781865351028
0.850000000000001	0.609256959987919	0.683934207994866
0.860000000000001	0.6046599830466	0.690003792710038
0.870000000000001	0.600063006105281	0.696027407655798
0.880000000000001	0.595466029163963	0.702005052832144
0.890000000000001	0.590869052222644	0.707936728239077
0.900000000000001	0.586272075281326	0.713822433876597
0.910000000000001	0.581675098340007	0.719662169744704
0.920000000000001	0.577078121398688	0.725455935843397
0.930000000000001	0.57248114445737	0.731203732172677
0.940000000000001	0.567884167516051	0.736905558732544
0.950000000000001	0.563287190574733	0.742561415522998
0.960000000000001	0.558690213633414	0.748171302544039
0.970000000000001	0.554093236692095	0.753735219795667
0.980000000000001	0.549496259750777	0.759253167277881
0.990000000000001	0.544899282809458	0.764725144990682
1	0.540302305868139	0.77015115293407
1.01	0.530737814443986	0.775506353535631
1.02	0.521173323019833	0.78076590922295
1.03	0.511608831595681	0.785929819996028
1.04	0.502044340171528	0.790998085854864
1.05	0.492479848747375	0.795970706799458
1.06	0.482915357323222	0.800847682829811
1.07	0.473350865899069	0.805629013945923
1.08	0.463786374474916	0.810314700147792
1.09	0.454221883050764	0.814904741435421
1.1	0.444657391626611	0.819399137808808
1.11	0.435092900202458	0.823797889267953
1.12	0.425528408778305	0.828100995812857
1.13	0.415963917354152	0.832308457443519
1.14	0.40639942593	0.83642027415994
1.15	0.396834934505847	0.840436445962119
1.16	0.387270443081694	0.844356972850057
1.17	0.377705951657541	0.848181854823753
1.18	0.368141460233388	0.851911091883208
1.19	0.358576968809235	0.855544684028421
1.2	0.349012477385083	0.859082631259392
1.21	0.33944798596093	0.862524933576123
1.22	0.329883494536777	0.865871590978611
1.23	0.320319003112624	0.869122603466858
1.24	0.310754511688471	0.872277971040864
1.25	0.301190020264318	0.875337693700628
1.26	0.291625528840166	0.87830177144615
1.27	0.282061037416013	0.881170204277431
1.28	0.27249654599186	0.88394299219447
1.29	0.262932054567707	0.886620135197268
1.3	0.253367563143554	0.889201633285824
1.31	0.243803071719401	0.891687486460139
1.32	0.234238580295249	0.894077694720212
1.33	0.224674088871096	0.896372258066044
1.34	0.215109597446943	0.898571176497634
1.35	0.20554510602279	0.900674450014983
1.36	0.195980614598637	0.90268207861809
1.37	0.186416123174484	0.904594062306956
1.38	0.176851631750332	0.90641040108158
1.39	0.167287140326179	0.908131094941962
1.4	0.157722648902026	0.909756143888103
1.41	0.148158157477873	0.911285547920003
1.42	0.13859366605372	0.912719307037661
1.43	0.129029174629567	0.914057421241077
1.44	0.119464683205415	0.915299890530252
1.45	0.109900191781262	0.916446714905186
1.46	0.100335700357109	0.917497894365877
1.47	0.0907712089329561	0.918453428912328
1.48	0.0812067175088033	0.919313318544537
1.49	0.0716422260846505	0.920077563262504
1.5	0.0620777346604977	0.92074616306623
1.51	0.0525132432363448	0.921319117955714
1.52	0.042948751812192	0.921796427930957
1.53	0.0333842603880392	0.922178092991958
1.54	0.0238197689638864	0.922464113138717
1.55	0.0142552775397335	0.922654488371235
1.56	0.00469078611558071	0.922749218689512
1.57	-0.00487370530857212	0.922748304093547
1.58	-0.014438196732725	0.92265174458334
1.59	-0.0240026881568778	0.922459540158892
1.6	-0.0335671795810306	0.922171690820203
1.61	-0.0431316710051834	0.921788196567272
1.62	-0.0526961624293363	0.921309057400099
1.63	-0.0622606538534891	0.920734273318685
1.64	-0.0718251452776419	0.920063844323029
1.65	-0.0813896367017948	0.919297770413132
1.66	-0.0909541281259476	0.918436051588994
1.67	-0.1005186195501	0.917478687850613
1.68	-0.110083110974253	0.916425679197992
1.69	-0.119647602398406	0.915277025631128
1.7	-0.129212093822559	0.914032727150023
1.71	-0.138776585246712	0.912692783754677
1.72	-0.148341076670865	0.911257195445089
1.73	-0.157905568095017	0.90972596222126
1.74	-0.16747005951917	0.908099084083189
1.75	-0.177034550943323	0.906376561030876
1.76	-0.186599042367476	0.904558393064322
1.77	-0.196163533791629	0.902644580183527
1.78	-0.205728025215782	0.90063512238849
1.79	-0.215292516639934	0.898530019679211
1.8	-0.224857008064087	0.896329272055691
1.81	-0.23442149948824	0.89403287951793
1.82	-0.243985990912393	0.891640842065926
1.83	-0.253550482336546	0.889153159699682
1.84	-0.263114973760699	0.886569832419195
1.85	-0.272679465184851	0.883890860224468
1.86	-0.282243956609004	0.881116243115498
1.87	-0.291808448033157	0.878245981092288
1.88	-0.30137293945731	0.875280074154835
1.89	-0.310937430881463	0.872218522303141
1.9	-0.320501922305616	0.869061325537206
1.91	-0.330066413729768	0.865808483857029
1.92	-0.339630905153921	0.862459997262611
1.93	-0.349195396578074	0.859015865753951
1.94	-0.358759888002227	0.855476089331049
1.95	-0.36832437942638	0.851840667993906
1.96	-0.377888870850532	0.848109601742521
1.97	-0.387453362274685	0.844282890576895
1.98	-0.397017853698838	0.840360534497028
1.99	-0.406582345122991	0.836342533502919
2	-0.416146836547143	0.832228887594568
2.01	-0.421885293147676	0.828038726946094
2.02	-0.427623749748209	0.823791181731615
2.03	-0.433362206348742	0.81948625195113
2.04	-0.439100662949275	0.81512393760464
2.05	-0.444839119549808	0.810704238692145
2.06	-0.450577576150341	0.806227155213644
2.07	-0.456316032750874	0.801692687169138
2.08	-0.462054489351406	0.797100834558627
2.09	-0.467792945951939	0.79245159738211
2.1	-0.473531402552472	0.787744975639588
2.11	-0.479269859153005	0.782980969331061
2.12	-0.485008315753538	0.778159578456528
2.13	-0.490746772354071	0.77328080301599
2.14	-0.496485228954604	0.768344643009447
2.15	-0.502223685555137	0.763351098436899
2.16	-0.50796214215567	0.758300169298345
2.17	-0.513700598756203	0.753191855593785
2.18	-0.519439055356736	0.748026157323221
2.19	-0.525177511957268	0.742803074486651
2.2	-0.530915968557801	0.737522607084076
2.21	-0.536654425158334	0.732184755115495
2.22	-0.542392881758867	0.726789518580909
2.23	-0.5481313383594	0.721336897480318
2.24	-0.553869794959933	0.715826891813721
2.25	-0.559608251560466	0.71025950158112
2.26	-0.565346708160999	0.704634726782512
2.27	-0.571085164761532	0.6989525674179
2.28	-0.576823621362065	0.693213023487282
2.29	-0.582562077962598	0.687416094990659
2.29999999999999	-0.58830053456313	0.68156178192803
2.30999999999999	-0.594038991163663	0.675650084299396
2.31999999999999	-0.599777447764196	0.669681002104757
2.32999999999999	-0.605515904364729	0.663654535344113
2.33999999999999	-0.611254360965262	0.657570684017463
2.34999999999999	-0.616992817565795	0.651429448124808
2.35999999999999	-0.622731274166328	0.645230827666147
2.36999999999999	-0.628469730766861	0.638974822641481
2.37999999999999	-0.634208187367394	0.63266143305081
2.38999999999999	-0.639946643967927	0.626290658894134
2.39999999999999	-0.64568510056846	0.619862500171452
2.40999999999999	-0.651423557168992	0.613376956882765
2.41999999999999	-0.657162013769525	0.606834029028072
2.42999999999999	-0.662900470370058	0.600233716607375
2.43999999999999	-0.668638926970591	0.593576019620672
2.44999999999999	-0.674377383571124	0.586860938067963
2.45999999999999	-0.680115840171657	0.580088471949249
2.46999999999999	-0.68585429677219	0.57325862126453
2.47999999999999	-0.691592753372723	0.566371386013806
2.48999999999999	-0.697331209973256	0.559426766197076
2.49999999999999	-0.703069666573789	0.552424761814341
2.50999999999999	-0.708808123174322	0.545365372865601
2.51999999999999	-0.714546579774854	0.538248599350855
2.52999999999999	-0.720285036375387	0.531074441270104
2.53999999999999	-0.72602349297592	0.523842898623347
2.54999999999999	-0.731761949576453	0.516553971410586
2.55999999999999	-0.737500406176986	0.509207659631819
2.56999999999999	-0.743238862777519	0.501803963287046
2.57999999999999	-0.748977319378052	0.494342882376269
2.58999999999999	-0.754715775978585	0.486824416899486
2.59999999999999	-0.760454232579118	0.479248566856697
2.60999999999999	-0.766192689179651	0.471615332247904
2.61999999999999	-0.771931145780184	0.463924713073105
2.62999999999999	-0.777669602380716	0.4561767093323
2.63999999999999	-0.783408058981249	0.448371321025491
2.64999999999999	-0.789146515581782	0.440508548152676
2.65999999999999	-0.794884972182315	0.432588390713855
2.66999999999999	-0.800623428782848	0.42461084870903
2.67999999999999	-0.806361885383381	0.416575922138199
2.68999999999999	-0.812100341983914	0.408483611001362
2.69999999999999	-0.817838798584447	0.400333915298521
2.70999999999999	-0.82357725518498	0.392126835029674
2.71999999999999	-0.829315711785513	0.383862370194822
2.72999999999999	-0.835054168386046	0.375540520793964
2.73999999999999	-0.840792624986578	0.367161286827101
2.74999999999999	-0.846531081587111	0.358724668294233
2.75999999999999	-0.852269538187644	0.350230665195359
2.76999999999998	-0.858007994788177	0.34167927753048
2.77999999999998	-0.86374645138871	0.333070505299596
2.78999999999998	-0.869484907989243	0.324404348502706
2.79999999999998	-0.875223364589776	0.315680807139812
2.80999999999998	-0.880961821190309	0.306899881210911
2.81999999999998	-0.886700277790842	0.298061570716006
2.82999999999998	-0.892438734391375	0.289165875655095
2.83999999999998	-0.898177190991907	0.280212796028179
2.84999999999998	-0.90391564759244	0.271202331835257
2.85999999999998	-0.909654104192973	0.26213448307633
2.86999999999998	-0.915392560793506	0.253009249751398
2.87999999999998	-0.921131017394039	0.24382663186046
2.88999999999998	-0.926869473994572	0.234586629403518
2.89999999999998	-0.932607930595105	0.225289242380569
2.90999999999998	-0.938346387195638	0.215934470791616
2.91999999999998	-0.944084843796171	0.206522314636657
2.92999999999998	-0.949823300396704	0.197052773915693
2.93999999999998	-0.955561756997237	0.187525848628723
2.94999999999998	-0.96130021359777	0.177941538775748
2.95999999999998	-0.967038670198302	0.168299844356768
2.96999999999998	-0.972777126798835	0.158600765371783
2.97999999999998	-0.978515583399368	0.148844301820792
2.98999999999998	-0.984254039999901	0.139030453703796
2.99999999999998	-0.989992496600434	0.129159221020794
3.00999999999998	-0.986629007843084	0.119276113498577
3.01999999999998	-0.983265519085716	0.109426640863933
3.02999999999998	-0.979902030328347	0.0996108031168631
3.03999999999998	-0.976538541570979	0.0898286002573667
3.04999999999998	-0.973175052813611	0.080080032285444
3.05999999999998	-0.969811564056243	0.0703650992010949
3.06999999999998	-0.966448075298874	0.0606838010043195
3.07999999999998	-0.963084586541506	0.0510361376951178
3.08999999999998	-0.959721097784138	0.0414221092734898
3.09999999999998	-0.956357609026769	0.0318417157394355
3.10999999999998	-0.952994120269401	0.0222949570929548
3.11999999999998	-0.949630631512033	0.0127818333340479
3.12999999999998	-0.946267142754665	0.0033023444627146
3.13999999999998	-0.942903653997296	-0.00614350952104503
3.14999999999998	-0.939540165239928	-0.015555728617231
3.15999999999998	-0.93617667648256	-0.0249343128258432
3.16999999999998	-0.932813187725192	-0.0342792621468818
3.17999999999998	-0.929449698967823	-0.0435905765803466
3.18999999999998	-0.926086210210455	-0.0528682561262378
3.19999999999998	-0.922722721453087	-0.0621123007845553
3.20999999999998	-0.919359232695719	-0.0713227105552992
3.21999999999998	-0.91599574393835	-0.0804994854384693
3.22999999999998	-0.912632255180982	-0.0896426254340658
3.23999999999997	-0.909268766423614	-0.0987521305420886
3.24999999999997	-0.905905277666246	-0.107828000762538
3.25999999999997	-0.902541788908877	-0.116870236095413
3.26999999999997	-0.899178300151509	-0.125878836540715
3.27999999999997	-0.895814811394141	-0.134853802098443
3.28999999999997	-0.892451322636773	-0.143795132768597
3.29999999999997	-0.889087833879404	-0.152702828551178
3.30999999999997	-0.885724345122036	-0.161576889446185
3.31999999999997	-0.882360856364668	-0.170417315453618
3.32999999999997	-0.8789973676073	-0.179224106573478
3.33999999999997	-0.875633878849931	-0.187997262805764
3.34999999999997	-0.872270390092563	-0.196736784150476
3.35999999999997	-0.868906901335195	-0.205442670607615
3.36999999999997	-0.865543412577826	-0.21411492217718
3.37999999999997	-0.862179923820458	-0.222753538859171
3.38999999999997	-0.85881643506309	-0.231358520653589
3.39999999999997	-0.855452946305722	-0.239929867560432
3.40999999999997	-0.852089457548353	-0.248467579579703
3.41999999999997	-0.848725968790985	-0.256971656711399
3.42999999999997	-0.845362480033617	-0.265442098955522
3.43999999999997	-0.841998991276249	-0.273878906312071
3.44999999999997	-0.83863550251888	-0.282282078781047
3.45999999999997	-0.835272013761512	-0.290651616362448
3.46999999999997	-0.831908525004144	-0.298987519056276
3.47999999999997	-0.828545036246775	-0.307289786862531
3.48999999999997	-0.825181547489407	-0.315558419781212
3.49999999999997	-0.821818058732039	-0.323793417812319
3.50999999999997	-0.818454569974671	-0.331994780955852
3.51999999999997	-0.815091081217302	-0.340162509211812
3.52999999999997	-0.811727592459934	-0.348296602580198
3.53999999999997	-0.808364103702566	-0.35639706106101
3.54999999999997	-0.805000614945198	-0.364463884654249
3.55999999999997	-0.801637126187829	-0.372497073359914
3.56999999999997	-0.798273637430461	-0.380496627178005
3.57999999999997	-0.794910148673093	-0.388462546108522
3.58999999999997	-0.791546659915725	-0.396394830151466
3.59999999999997	-0.788183171158356	-0.404293479306837
3.60999999999997	-0.784819682400988	-0.412158493574633
3.61999999999997	-0.78145619364362	-0.419989872954856
3.62999999999997	-0.778092704886252	-0.427787617447505
3.63999999999997	-0.774729216128883	-0.435551727052581
3.64999999999997	-0.771365727371515	-0.443282201770083
3.65999999999997	-0.768002238614147	-0.450979041600011
3.66999999999997	-0.764638749856778	-0.458642246542365
3.67999999999997	-0.76127526109941	-0.466271816597146
3.68999999999997	-0.757911772342042	-0.473867751764353
3.69999999999997	-0.754548283584674	-0.481430052043987
3.70999999999996	-0.751184794827305	-0.488958717436046
3.71999999999996	-0.747821306069937	-0.496453747940532
3.72999999999996	-0.744457817312569	-0.503915143557445
3.73999999999996	-0.741094328555201	-0.511342904286783
3.74999999999996	-0.737730839797832	-0.518737030128548
3.75999999999996	-0.734367351040464	-0.52609752108274
3.76999999999996	-0.731003862283096	-0.533424377149357
3.77999999999996	-0.727640373525728	-0.540717598328401
3.78999999999996	-0.724276884768359	-0.547977184619872
3.79999999999996	-0.720913396010991	-0.555203136023768
3.80999999999996	-0.717549907253623	-0.562395452540091
3.81999999999996	-0.714186418496255	-0.56955413416884
3.82999999999996	-0.710822929738886	-0.576679180910016
3.83999999999996	-0.707459440981518	-0.583770592763618
3.84999999999996	-0.70409595222415	-0.590828369729646
3.85999999999996	-0.700732463466782	-0.5978525118081
3.86999999999996	-0.697368974709413	-0.604843018998981
3.87999999999996	-0.694005485952045	-0.611799891302289
3.88999999999996	-0.690641997194677	-0.618723128718022
3.89999999999996	-0.687278508437309	-0.625612731246182
3.90999999999996	-0.68391501967994	-0.632468698886768
3.91999999999996	-0.680551530922572	-0.63929103163978
3.92999999999996	-0.677188042165204	-0.646079729505219
3.93999999999996	-0.673824553407835	-0.652834792483084
3.94999999999996	-0.670461064650467	-0.659556220573375
3.95999999999996	-0.667097575893099	-0.666244013776093
3.96999999999996	-0.663734087135731	-0.672898172091237
3.97999999999996	-0.660370598378362	-0.679518695518807
3.98999999999996	-0.657007109620994	-0.686105584058804
3.99999999999996	-0.653643620863626	-0.692658837711227
4.00999999999996	-0.644270562800382	-0.699148408629547
4.01999999999996	-0.634897504737114	-0.705544248967235
4.02999999999996	-0.625524446673846	-0.711846358724289
4.03999999999996	-0.616151388610577	-0.718054737900711
4.04999999999996	-0.606778330547309	-0.724169386496501
4.05999999999996	-0.597405272484041	-0.730190304511657
4.06999999999996	-0.588032214420773	-0.736117491946181
4.07999999999996	-0.578659156357505	-0.741950948800073
4.08999999999996	-0.569286098294237	-0.747690675073331
4.09999999999996	-0.559913040230968	-0.753336670765957
4.10999999999996	-0.5505399821677	-0.75888893587795
4.11999999999996	-0.541166924104432	-0.764347470409311
4.12999999999996	-0.531793866041164	-0.769712274360039
4.13999999999996	-0.522420807977896	-0.774983347730134
4.14999999999996	-0.513047749914628	-0.780160690519596
4.15999999999996	-0.503674691851359	-0.785244302728426
4.16999999999996	-0.494301633788091	-0.790234184356623
4.17999999999996	-0.484928575724823	-0.795130335404188
4.18999999999996	-0.475555517661555	-0.79993275587112
4.19999999999995	-0.466182459598287	-0.804641445757419
4.20999999999995	-0.456809401535018	-0.809256405063085
4.21999999999995	-0.44743634347175	-0.813777633788119
4.22999999999995	-0.438063285408482	-0.81820513193252
4.23999999999995	-0.428690227345214	-0.822538899496288
4.24999999999995	-0.419317169281946	-0.826778936479424
4.25999999999995	-0.409944111218677	-0.830925242881927
4.26999999999995	-0.400571053155409	-0.834977818703797
4.27999999999995	-0.391197995092141	-0.838936663945035
4.28999999999995	-0.381824937028873	-0.84280177860564
4.29999999999995	-0.372451878965605	-0.846573162685612
4.30999999999995	-0.363078820902337	-0.850250816184952
4.31999999999995	-0.353705762839068	-0.853834739103659
4.32999999999995	-0.3443327047758	-0.857324931441733
4.33999999999995	-0.334959646712532	-0.860721393199175
4.34999999999995	-0.325586588649264	-0.864024124375984
4.35999999999995	-0.316213530585996	-0.86723312497216
4.36999999999995	-0.306840472522728	-0.870348394987703
4.37999999999995	-0.297467414459459	-0.873369934422614
4.38999999999995	-0.288094356396191	-0.876297743276892
4.39999999999995	-0.278721298332923	-0.879131821550538
4.40999999999995	-0.269348240269655	-0.881872169243551
4.41999999999995	-0.259975182206387	-0.884518786355931
4.42999999999995	-0.250602124143118	-0.887071672887678
4.43999999999995	-0.24122906607985	-0.889530828838793
4.44999999999995	-0.231856008016582	-0.891896254209275
4.45999999999995	-0.222482949953314	-0.894167948999125
4.46999999999995	-0.213109891890046	-0.896345913208342
4.47999999999995	-0.203736833826777	-0.898430146836926
4.48999999999995	-0.194363775763509	-0.900420649884877
4.49999999999995	-0.184990717700241	-0.902317422352196
4.50999999999995	-0.175617659636973	-0.904120464238882
4.51999999999995	-0.166244601573705	-0.905829775544935
4.52999999999995	-0.156871543510437	-0.907445356270356
4.53999999999995	-0.147498485447168	-0.908967206415144
4.54999999999995	-0.1381254273839	-0.910395325979299
4.55999999999995	-0.128752369320632	-0.911729714962822
4.56999999999995	-0.119379311257364	-0.912970373365712
4.57999999999995	-0.110006253194096	-0.914117301187969
4.58999999999995	-0.100633195130827	-0.915170498429594
4.59999999999995	-0.0912601370675593	-0.916129965090585
4.60999999999995	-0.081887079004291	-0.916995701170945
4.61999999999995	-0.0725140209410229	-0.917767706670671
4.62999999999995	-0.0631409628777547	-0.918445981589765
4.63999999999995	-0.0537679048144866	-0.919030525928226
4.64999999999995	-0.0443948467512184	-0.919521339686055
4.65999999999995	-0.0350217886879501	-0.919918422863251
4.66999999999994	-0.025648730624682	-0.920221775459814
4.67999999999994	-0.0162756725614138	-0.920431397475744
4.68999999999994	-0.00690261449814566	-0.920547288911042
4.69999999999994	0.00247044356512249	-0.920569449765707
4.70999999999994	0.0118435016283908	-0.92049788003974
4.71999999999994	0.0212165596916589	-0.920332579733139
4.72999999999994	0.0305896177549271	-0.920073548845906
4.73999999999994	0.0399626758181952	-0.919720787378041
4.74999999999994	0.0493357338814635	-0.919274295329543
4.75999999999994	0.0587087919447317	-0.918734072700412
4.76999999999994	0.0680818500079998	-0.918100119490648
4.77999999999994	0.077454908071268	-0.917372435700252
4.78999999999994	0.0868279661345361	-0.916551021329223
4.79999999999994	0.0962010241978044	-0.915635876377561
4.80999999999994	0.105574082261073	-0.914627000845266
4.81999999999994	0.114947140324341	-0.913524394732339
4.82999999999994	0.124320198387609	-0.91232805803878
4.83999999999994	0.133693256450877	-0.911037990764587
4.84999999999994	0.143066314514145	-0.909654192909762
4.85999999999994	0.152439372577413	-0.908176664474304
4.86999999999994	0.161812430640682	-0.906605405458214
4.87999999999994	0.17118548870395	-0.904940415861491
4.88999999999994	0.180558546767218	-0.903181695684135
4.89999999999994	0.189931604830486	-0.901329244926147
4.90999999999994	0.199304662893754	-0.899383063587526
4.91999999999994	0.208677720957023	-0.897343151668272
4.92999999999994	0.218050779020291	-0.895209509168385
4.93999999999994	0.227423837083559	-0.892982136087866
4.94999999999994	0.236796895146827	-0.890661032426714
4.95999999999994	0.246169953210095	-0.88824619818493
4.96999999999994	0.255543011273363	-0.885737633362512
4.97999999999994	0.264916069336632	-0.883135337959462
4.98999999999994	0.2742891273999	-0.88043931197578
4.99999999999994	0.283662185463168	-0.877649555411464
5.00999999999994	0.290427266475055	-0.874779108151773
5.01999999999994	0.297192347486927	-0.871841010081963
5.02999999999994	0.303957428498798	-0.868835261202035
5.03999999999994	0.310722509510669	-0.865761861511988
5.04999999999994	0.31748759052254	-0.862620811011822
5.05999999999994	0.324252671534412	-0.859412109701537
5.06999999999994	0.331017752546283	-0.856135757581134
5.07999999999994	0.337782833558154	-0.852791754650612
5.08999999999994	0.344547914570025	-0.849380100909971
5.09999999999994	0.351312995581897	-0.845900796359211
5.10999999999994	0.358078076593768	-0.842353840998333
5.11999999999994	0.364843157605639	-0.838739234827336
5.12999999999994	0.37160823861751	-0.83505697784622
5.13999999999993	0.378373319629382	-0.831307070054986
5.14999999999993	0.385138400641253	-0.827489511453633
5.15999999999993	0.391903481653124	-0.823604302042161
5.16999999999993	0.398668562664996	-0.81965144182057
5.17999999999993	0.405433643676867	-0.815630930788861
5.18999999999993	0.412198724688738	-0.811542768947033
5.19999999999993	0.418963805700609	-0.807386956295087
5.20999999999993	0.42572888671248	-0.803163492833021
5.21999999999993	0.432493967724352	-0.798872378560837
5.22999999999993	0.439259048736223	-0.794513613478534
5.23999999999993	0.446024129748094	-0.790087197586113
5.24999999999993	0.452789210759965	-0.785593130883573
5.25999999999993	0.459554291771837	-0.781031413370914
5.26999999999993	0.466319372783708	-0.776402045048136
5.27999999999993	0.473084453795579	-0.77170502591524
5.28999999999993	0.479849534807451	-0.766940355972225
5.29999999999993	0.486614615819322	-0.762108035219091
5.30999999999993	0.493379696831193	-0.757208063655839
5.31999999999993	0.500144777843064	-0.752240441282467
5.32999999999993	0.506909858854936	-0.747205168098978
5.33999999999993	0.513674939866807	-0.742102244105369
5.34999999999993	0.520440020878678	-0.736931669301642
5.35999999999993	0.527205101890549	-0.731693443687796
5.36999999999993	0.533970182902421	-0.726387567263831
5.37999999999993	0.540735263914292	-0.721014040029747
5.38999999999993	0.547500344926163	-0.715572861985545
5.39999999999993	0.554265425938034	-0.710064033131224
5.40999999999993	0.561030506949906	-0.704487553466785
5.41999999999993	0.567795587961777	-0.698843422992226
5.42999999999993	0.574560668973648	-0.693131641707549
5.43999999999993	0.581325749985519	-0.687352209612754
5.44999999999993	0.588090830997391	-0.681505126707839
5.45999999999993	0.594855912009262	-0.675590392992806
5.46999999999993	0.601620993021133	-0.669608008467654
5.47999999999993	0.608386074033004	-0.663557973132384
5.48999999999993	0.615151155044876	-0.657440286986995
5.49999999999993	0.621916236056747	-0.651254950031487
5.50999999999993	0.628681317068618	-0.64500196226586
5.51999999999993	0.635446398080489	-0.638681323690115
5.52999999999993	0.642211479092361	-0.63229303430425
5.53999999999993	0.648976560104232	-0.625837094108267
5.54999999999993	0.655741641116103	-0.619313503102166
5.55999999999993	0.662506722127974	-0.612722261285946
5.56999999999993	0.669271803139846	-0.606063368659607
5.57999999999993	0.676036884151717	-0.599336825223149
5.58999999999993	0.682801965163588	-0.592542630976573
5.59999999999993	0.689567046175459	-0.585680785919878
5.60999999999992	0.696332127187331	-0.578751290053064
5.61999999999992	0.703097208199202	-0.571754143376131
5.62999999999992	0.709862289211073	-0.56468934588908
5.63999999999992	0.716627370222944	-0.55755689759191
5.64999999999992	0.723392451234816	-0.550356798484622
5.65999999999992	0.730157532246687	-0.543089048567214
5.66999999999992	0.736922613258558	-0.535753647839688
5.67999999999992	0.743687694270429	-0.528350596302043
5.68999999999992	0.750452775282301	-0.52087989395428
5.69999999999992	0.757217856294172	-0.513341540796398
5.70999999999992	0.763982937306043	-0.505735536828397
5.71999999999992	0.770748018317914	-0.498061882050277
5.72999999999992	0.777513099329786	-0.490320576462039
5.73999999999992	0.784278180341657	-0.482511620063682
5.74999999999992	0.791043261353528	-0.474635012855206
5.75999999999992	0.797808342365399	-0.466690754836611
5.76999999999992	0.804573423377271	-0.458678846007898
5.77999999999992	0.811338504389142	-0.450599286369066
5.78999999999992	0.818103585401013	-0.442452075920116
5.79999999999992	0.824868666412884	-0.434237214661047
5.80999999999992	0.831633747424756	-0.425954702591858
5.81999999999992	0.838398828436627	-0.417604539712552
5.82999999999992	0.845163909448498	-0.409186726023126
5.83999999999992	0.851928990460369	-0.400701261523582
5.84999999999992	0.858694071472241	-0.392148146213919
5.85999999999992	0.865459152484112	-0.383527380094138
5.86999999999992	0.872224233495983	-0.374838963164237
5.87999999999992	0.878989314507854	-0.366082895424218
5.88999999999992	0.885754395519726	-0.357259176874081
5.89999999999992	0.892519476531597	-0.348367807513824
5.90999999999992	0.899284557543468	-0.339408787343449
5.91999999999992	0.906049638555339	-0.330382116362955
5.92999999999992	0.912814719567211	-0.321287794572343
5.93999999999992	0.919579800579082	-0.312125821971612
5.94999999999992	0.926344881590953	-0.302896198560761
5.95999999999992	0.933109962602825	-0.293598924339793
5.96999999999992	0.939875043614696	-0.284233999308705
5.97999999999992	0.946640124626567	-0.274801423467499
5.98999999999992	0.953405205638438	-0.265301196816174
5.99999999999992	0.960170286650309	-0.255733319354731
6.00999999999992	0.958107606327313	-0.246141929889843
6.01999999999992	0.956044926004242	-0.236571167228185
6.02999999999992	0.953982245681172	-0.227021031369758
6.03999999999992	0.951919565358101	-0.217491522314562
6.04999999999992	0.94985688503503	-0.207982640062597
6.05999999999992	0.94779420471196	-0.198494384613862
6.06999999999992	0.945731524388889	-0.189026755968358
6.07999999999991	0.943668844065819	-0.179579754126085
6.08999999999991	0.941606163742748	-0.170153379087042
6.09999999999991	0.939543483419678	-0.16074763085123
6.10999999999991	0.937480803096607	-0.151362509418649
6.11999999999991	0.935418122773536	-0.141998014789298
6.12999999999991	0.933355442450466	-0.132654146963178
6.13999999999991	0.931292762127395	-0.123330905940289
6.14999999999991	0.929230081804325	-0.114028291720631
6.15999999999991	0.927167401481254	-0.104746304304203
6.16999999999991	0.925104721158184	-0.0954849436910062
6.17999999999991	0.923042040835113	-0.08624420988104
6.18999999999991	0.920979360512042	-0.0770241028743044
6.19999999999991	0.918916680188972	-0.0678246226707995
6.20999999999991	0.916853999865901	-0.0586457692705253
6.21999999999991	0.914791319542831	-0.0494875426734818
6.22999999999991	0.91272863921976	-0.0403499428796691
6.23999999999991	0.91066595889669	-0.0312329698890871
6.24999999999991	0.908603278573619	-0.0221366237017357
6.25999999999991	0.906540598250548	-0.0130609043176151
6.26999999999991	0.904477917927478	-0.0040058117367251
6.27999999999991	0.902415237604407	0.00502865404093411
6.28999999999991	0.900352557281337	0.0140424930153626
6.29999999999991	0.898289876958266	0.0230357051865605
6.30999999999991	0.896227196635196	0.0320082905545276
6.31999999999991	0.894164516312125	0.040960249119264
6.32999999999991	0.892101835989054	0.0498915808807697
6.33999999999991	0.890039155665984	0.0588022858390447
6.34999999999991	0.887976475342913	0.067692363994089
6.35999999999991	0.885913795019843	0.0765618153459026
6.36999999999991	0.883851114696772	0.0854106398944855
6.37999999999991	0.881788434373702	0.0942388376398376
6.38999999999991	0.879725754050631	0.103046408581959
6.39999999999991	0.87766307372756	0.11183335272085
6.40999999999991	0.87560039340449	0.12059967005651
6.41999999999991	0.873537713081419	0.129345360588939
6.42999999999991	0.871475032758349	0.138070424318138
6.43999999999991	0.869412352435278	0.146774861244106
6.44999999999991	0.867349672112208	0.155458671366843
6.45999999999991	0.865286991789137	0.16412185468635
6.46999999999991	0.863224311466066	0.172764411202626
6.47999999999991	0.861161631142996	0.181386340915671
6.48999999999991	0.859098950819925	0.189987643825485
6.49999999999991	0.857036270496855	0.198568319932069
6.50999999999991	0.854973590173784	0.207128369235422
6.51999999999991	0.852910909850714	0.215667791735544
6.52999999999991	0.850848229527643	0.224186587432436
6.53999999999991	0.848785549204572	0.232684756326097
6.5499999999999	0.846722868881502	0.241162298416527
6.5599999999999	0.844660188558431	0.249619213703726
6.5699999999999	0.842597508235361	0.258055502187695
6.5799999999999	0.84053482791229	0.266471163868433
6.5899999999999	0.83847214758922	0.274866198745941
6.5999999999999	0.836409467266149	0.283240606820217
6.6099999999999	0.834346786943078	0.291594388091263
6.6199999999999	0.832284106620008	0.299927542559078
6.6299999999999	0.830221426296937	0.308240070223663
6.6399999999999	0.828158745973867	0.316531971085017
6.6499999999999	0.826096065650796	0.32480324514314
6.6599999999999	0.824033385327726	0.333053892398032
6.6699999999999	0.821970705004655	0.341283912849694
6.6799999999999	0.819908024681584	0.349493306498125
6.6899999999999	0.817845344358514	0.357682073343325
6.6999999999999	0.815782664035443	0.365850213385295
6.7099999999999	0.813719983712373	0.373997726624034
6.7199999999999	0.811657303389302	0.382124613059542
6.7299999999999	0.809594623066232	0.39023087269182
6.7399999999999	0.807531942743161	0.398316505520866
6.7499999999999	0.80546926242009	0.406381511546682
6.7599999999999	0.80340658209702	0.414425890769268
6.7699999999999	0.801343901773949	0.422449643188623
6.7799999999999	0.799281221450879	0.430452768804747
6.7899999999999	0.797218541127808	0.43843526761764
6.7999999999999	0.795155860804738	0.446397139627302
6.8099999999999	0.793093180481667	0.454338384833734
6.8199999999999	0.791030500158596	0.462259003236935
6.8299999999999	0.788967819835526	0.470158994836906
6.8399999999999	0.786905139512455	0.478038359633646
6.8499999999999	0.784842459189385	0.485897097627155
6.8599999999999	0.782779778866314	0.493735208817433
6.8699999999999	0.780717098543244	0.501552693204481
6.8799999999999	0.778654418220173	0.509349550788297
6.8899999999999	0.776591737897102	0.517125781568884
6.8999999999999	0.774529057574032	0.524881385546239
6.9099999999999	0.772466377250961	0.532616362720364
6.9199999999999	0.770403696927891	0.540330713091258
6.9299999999999	0.76834101660482	0.548024436658921
6.9399999999999	0.76627833628175	0.555697533423354
6.9499999999999	0.764215655958679	0.563350003384556
6.9599999999999	0.762152975635608	0.570981846542527
6.9699999999999	0.760090295312538	0.578593062897268
6.9799999999999	0.758027614989467	0.586183652448778
6.9899999999999	0.755964934666397	0.593753615197057
6.9999999999999	0.753902254343326	0.601302951142106
7.00999999999989	0.74490823146188	0.608797003571132
7.01999999999989	0.735914208580361	0.616201115771343
7.02999999999989	0.726920185698842	0.623515287742739
7.03999999999989	0.717926162817323	0.630739519485319
7.04999999999989	0.708932139935804	0.637873810999085
7.05999999999989	0.699938117054285	0.644918162284035
7.06999999999989	0.690944094172766	0.65187257334017
7.07999999999989	0.681950071291247	0.65873704416749
7.08999999999989	0.672956048409728	0.665511574765995
7.09999999999989	0.663962025528209	0.672196165135684
7.10999999999989	0.65496800264669	0.678790815276559
7.11999999999989	0.645973979765171	0.685295525188618
7.12999999999989	0.636979956883652	0.691710294871862
7.13999999999989	0.627985934002133	0.698035124326291
7.14999999999989	0.618991911120614	0.704270013551904
7.15999999999989	0.609997888239095	0.710414962548703
7.16999999999989	0.601003865357576	0.716469971316686
7.17999999999989	0.592009842476057	0.722435039855854
7.18999999999989	0.583015819594538	0.728310168166207
7.19999999999989	0.574021796713019	0.734095356247744
7.20999999999989	0.5650277738315	0.739790604100467
7.21999999999989	0.556033750949981	0.745395911724374
7.22999999999989	0.547039728068462	0.750911279119466
7.23999999999989	0.538045705186943	0.756336706285743
7.24999999999989	0.529051682305424	0.761672193223205
7.25999999999989	0.520057659423905	0.766917739931851
7.26999999999989	0.511063636542386	0.772073346411683
7.27999999999989	0.502069613660867	0.777139012662699
7.28999999999989	0.493075590779348	0.7821147386849
7.29999999999989	0.484081567897829	0.787000524478286
7.30999999999989	0.47508754501631	0.791796370042856
7.31999999999989	0.466093522134791	0.796502275378612
7.32999999999989	0.457099499253272	0.801118240485552
7.33999999999989	0.448105476371753	0.805644265363677
7.34999999999989	0.439111453490234	0.810080350012987
7.35999999999989	0.430117430608715	0.814426494433481
7.36999999999989	0.421123407727196	0.818682698625161
7.37999999999989	0.412129384845677	0.822848962588025
7.38999999999989	0.403135361964158	0.826925286322074
7.39999999999989	0.394141339082639	0.830911669827308
7.40999999999989	0.38514731620112	0.834808113103727
7.41999999999989	0.376153293319601	0.83861461615133
7.42999999999989	0.367159270438082	0.842331178970119
7.43999999999989	0.358165247556563	0.845957801560092
7.44999999999989	0.349171224675044	0.84949448392125
7.45999999999989	0.340177201793525	0.852941226053593
7.46999999999989	0.331183178912006	0.85629802795712
7.47999999999988	0.322189156030487	0.859564889631833
7.48999999999988	0.313195133148968	0.86274181107773
7.49999999999988	0.304201110267449	0.865828792294812
7.50999999999988	0.29520708738593	0.868825833283079
7.51999999999988	0.286213064504411	0.87173293404253
7.52999999999988	0.277219041622892	0.874550094573167
7.53999999999988	0.268225018741373	0.877277314874988
7.54999999999988	0.259230995859854	0.879914594947994
7.55999999999988	0.250236972978335	0.882461934792185
7.56999999999988	0.241242950096816	0.884919334407561
7.57999999999988	0.232248927215297	0.887286793794121
7.58999999999988	0.223254904333778	0.889564312951867
7.59999999999988	0.21426088145226	0.891751891880797
7.60999999999988	0.20526685857074	0.893849530580912
7.61999999999988	0.196272835689221	0.895857229052212
7.62999999999988	0.187278812807703	0.897774987294696
7.63999999999988	0.178284789926184	0.899602805308365
7.64999999999988	0.169290767044665	0.90134068309322
7.65999999999988	0.160296744163146	0.902988620649259
7.66999999999988	0.151302721281627	0.904546617976483
7.67999999999988	0.142308698400108	0.906014675074891
7.68999999999988	0.133314675518589	0.907392791944485
7.69999999999988	0.12432065263707	0.908680968585263
7.70999999999988	0.115326629755551	0.909879204997226
7.71999999999988	0.106332606874032	0.910987501180374
7.72999999999988	0.0973385839925126	0.912005857134706
7.73999999999988	0.0883445611109936	0.912934272860224
7.74999999999988	0.0793505382294747	0.913772748356926
7.75999999999988	0.0703565153479556	0.914521283624814
7.76999999999988	0.0613624924664367	0.915179878663885
7.77999999999988	0.0523684695849177	0.915748533474142
7.78999999999988	0.0433744467033986	0.916227248055584
7.79999999999988	0.0343804238218797	0.91661602240821
7.80999999999988	0.0253864009403607	0.916914856532021
7.81999999999988	0.0163923780588418	0.917123750427017
7.82999999999988	0.00739835517732268	0.917242704093198
7.83999999999988	-0.00159566770419628	0.917271717530564
7.84999999999988	-0.0105896905857152	0.917210790739114
7.85999999999988	-0.0195837134672342	0.917059923718849
7.86999999999988	-0.0285777363487533	0.91681911646977
7.87999999999988	-0.0375717592302722	0.916488368991874
7.88999999999988	-0.0465657821117912	0.916067681285164
7.89999999999988	-0.0555598049933103	0.915557053349639
7.90999999999988	-0.0645538278748292	0.914956485185298
7.91999999999988	-0.0735478507563482	0.914265976792142
7.92999999999988	-0.0825418736378671	0.913485528170171
7.93999999999988	-0.0915358965193862	0.912615139319385
7.94999999999987	-0.100529919400905	0.911654810239783
7.95999999999987	-0.109523942282424	0.910604540931367
7.96999999999987	-0.118517965163943	0.909464331394135
7.97999999999987	-0.127511988045462	0.908234181628088
7.98999999999987	-0.136506010926981	0.906914091633226
7.99999999999987	-0.1455000338085	0.905504061409548
8.00999999999987	-0.153156336089277	0.904010779560059
8.01999999999987	-0.160812638370038	0.902440934687763
8.02999999999987	-0.168468940650798	0.900794526792659
8.03999999999987	-0.176125242931559	0.899071555874747
8.04999999999987	-0.183781545212319	0.897272021934028
8.05999999999987	-0.19143784749308	0.895395924970501
8.06999999999987	-0.19909414977384	0.893443264984166
8.07999999999987	-0.206750452054601	0.891414041975024
8.08999999999987	-0.214406754335361	0.889308255943074
8.09999999999987	-0.222063056616122	0.887125906888317
8.10999999999987	-0.229719358896882	0.884866994810752
8.11999999999987	-0.237375661177643	0.882531519710379
8.12999999999987	-0.245031963458403	0.880119481587199
8.13999999999987	-0.252688265739164	0.877630880441211
8.14999999999987	-0.260344568019924	0.875065716272416
8.15999999999987	-0.268000870300685	0.872423989080813
8.16999999999987	-0.275657172581445	0.869705698866402
8.17999999999987	-0.283313474862205	0.866910845629184
8.18999999999987	-0.290969777142966	0.864039429369158
8.19999999999987	-0.298626079423726	0.861091450086325
8.20999999999987	-0.306282381704487	0.858066907780684
8.21999999999987	-0.313938683985247	0.854965802452235
8.22999999999987	-0.321594986266008	0.851788134100979
8.23999999999987	-0.329251288546768	0.848533902726915
8.24999999999987	-0.336907590827529	0.845203108330044
8.25999999999987	-0.344563893108289	0.841795750910365
8.26999999999987	-0.35222019538905	0.838311830467878
8.27999999999987	-0.35987649766981	0.834751347002584
8.28999999999987	-0.367532799950571	0.831114300514482
8.29999999999987	-0.375189102231331	0.827400691003573
8.30999999999987	-0.382845404512092	0.823610518469856
8.31999999999987	-0.390501706792852	0.819743782913331
8.32999999999987	-0.398158009073613	0.815800484333999
8.33999999999987	-0.405814311354373	0.811780622731859
8.34999999999987	-0.413470613635133	0.807684198106912
8.35999999999987	-0.421126915915894	0.803511210459157
8.36999999999987	-0.428783218196654	0.799261659788594
8.37999999999987	-0.436439520477415	0.794935546095224
8.38999999999987	-0.444095822758175	0.790532869379046
8.39999999999987	-0.451752125038936	0.78605362964006
8.40999999999987	-0.459408427319696	0.781497826878267
8.41999999999986	-0.467064729600457	0.776865461093667
8.42999999999986	-0.474721031881217	0.772156532286258
8.43999999999986	-0.482377334161978	0.767371040456042
8.44999999999986	-0.490033636442738	0.762508985603019
8.45999999999986	-0.497689938723499	0.757570367727188
8.46999999999986	-0.505346241004259	0.752555186828549
8.47999999999986	-0.51300254328502	0.747463442907103
8.48999999999986	-0.52065884556578	0.742295135962849
8.49999999999986	-0.52831514784654	0.737050265995788
8.50999999999986	-0.535971450127301	0.731728833005918
8.51999999999986	-0.543627752408061	0.726330836993242
8.52999999999986	-0.551284054688822	0.720856277957757
8.53999999999986	-0.558940356969582	0.715305155899466
8.54999999999986	-0.566596659250343	0.709677470818366
8.55999999999986	-0.574252961531103	0.703973222714459
8.56999999999986	-0.581909263811864	0.698192411587744
8.57999999999986	-0.589565566092624	0.692335037438222
8.58999999999986	-0.597221868373385	0.686401100265892
8.59999999999986	-0.604878170654145	0.680390600070754
8.60999999999986	-0.612534472934906	0.674303536852809
8.61999999999986	-0.620190775215666	0.668139910612057
8.62999999999986	-0.627847077496427	0.661899721348496
8.63999999999986	-0.635503379777187	0.655582969062128
8.64999999999986	-0.643159682057948	0.649189653752953
8.65999999999986	-0.650815984338708	0.64271977542097
8.66999999999986	-0.658472286619469	0.636173334066179
8.67999999999986	-0.666128588900229	0.629550329688581
8.68999999999986	-0.673784891180989	0.622850762288175
8.69999999999986	-0.68144119346175	0.616074631864961
8.70999999999986	-0.68909749574251	0.60922193841894
8.71999999999986	-0.696753798023271	0.602292681950111
8.72999999999986	-0.704410100304031	0.595286862458475
8.73999999999986	-0.712066402584792	0.588204479944031
8.74999999999986	-0.719722704865552	0.581045534406779
8.75999999999986	-0.727379007146313	0.57381002584672
8.76999999999986	-0.735035309427073	0.566497954263853
8.77999999999986	-0.742691611707834	0.559109319658179
8.78999999999986	-0.750347913988594	0.551644122029697
8.79999999999986	-0.758004216269355	0.544102361378407
8.80999999999986	-0.765660518550115	0.53648403770431
8.81999999999986	-0.773316820830876	0.528789151007405
8.82999999999986	-0.780973123111636	0.521017701287693
8.83999999999986	-0.788629425392397	0.513169688545173
8.84999999999986	-0.796285727673157	0.505245112779845
8.85999999999986	-0.803942029953918	0.49724397399171
8.8699999999998