100 2.98724251993188 0.186140292217636 0.154350133657913
600 3.17115990856633 0.0740169656173802 0.0295672549765409
1100 3.09990597404686 0.0552064624484445 0.0416866795429303
1600 3.15970746706766 0.0457154138473398 0.018114813477871
2100 3.1478445095161 0.0391392141520016 0.00625185592630828
2600 3.15028171204717 0.0360721382771893 0.00868905845737622
3100 3.11898570102283 0.0326324228416532 0.0226069525669663
3600 3.1429915054294 0.0301293145938519 0.0013988518396042
4100 3.15552999712249 0.0283618245588491 0.0139373435326924
4600 3.15040516516473 0.026587313248881 0.00881251157493868
5100 3.12774390990766 0.0255707457155757 0.0138487436821344
5600 3.18077504449015 0.0242751088439459 0.0391823909003599
6100 3.11942457958239 0.0231572491776688 0.0221680740074044
6600 3.10817185504049 0.0223527305699092 0.0334207985492987
7100 3.14543301892235 0.0215665228461787 0.00384036533255872
7600 3.13150010574354 0.0209079824605546 0.0100925478462557
8100 3.1238808372941 0.0200973151923384 0.0177118162956891
8600 3.14231616989569 0.0196718324126859 0.000723516305896954
9100 3.12929072669899 0.0191459110400888 0.0123019268908009
9600 3.14188002301618 0.0186729703338416 0.000287369426390516
10100 3.14993484824354 0.0179149999071815 0.00834219465374852
10600 3.11994854090334 0.0177081834133582 0.0216441126864484
11100 3.12938309097105 0.0171845998246237 0.0122095626187417
11600 3.11401200440259 0.0168350420061084 0.0275806491872008
12100 3.14834678547127 0.016445304074946 0.00675413188147367
12600 3.14094893616629 0.0162358252725954 0.000643717423505663
13100 3.14665809572258 0.01577299945012 0.00506544213278559
13600 3.10445440575904 0.0155841822724678 0.0371382478307494
14100 3.14053306865637 0.0151999621872979 0.00105958493342806
14600 3.14796732325924 0.0149369625314517 0.00637466966944222
15100 3.13067791176342 0.0147776267375731 0.0109147418263773
15600 3.14515519601926 0.0144863656564585 0.00356254242946541
16100 3.14628569338604 0.0143251994381309 0.0046930397962468
16600 3.15286763893457 0.013993002955186 0.0112749853447727
17100 3.11309351829388 0.0138810507256677 0.0284991352959119
17600 3.13175911037127 0.0136639559212186 0.00983354321852259
18100 3.14440493189437 0.013484030525155 0.00281227830457276
18600 3.14712594820758 0.0132841001998015 0.00553329461778507
19100 3.16361783465735 0.013123328209788 0.0220251810675598
19600 3.14365947517918 0.0129532528567943 0.00206682158938465
20100 3.11408800157225 0.0128281717784178 0.0275046520175479
20600 3.14049052406973 0.0126231088949858 0.00110212952006261
21100 3.12784660095184 0.0124966756425657 0.0137460526379578
21600 3.14258416161424 0.0123474982315247 0.000991508024442034
22100 3.12088110670949 0.012214496458987 0.0207115468803045
22600 3.13560999798738 0.0121388745020921 0.00598265560240874
23100 3.13856066371781 0.0119085850583344 0.00303198987198572
23600 3.15056514122309 0.0118074915241836 0.00897248763330127
24100 3.15181108909888 0.0117304676701604 0.0102184355090871
24600 3.14614740693322 0.0115645121107829 0.00455475334342292
25100 3.15806560378417 0.0114212470869163 0.0164729501943723
25600 3.15810779544228 0.0113966147435166 0.0165151418524916
26100 3.16473767148766 0.011165995847199 0.0231450178978716
26600 3.15451528798636 0.0111313653741132 0.0129226343965643
27100 3.14186139713278 0.0110434782501662 0.000268743542986893
27600 3.12579445666838 0.0108703809203473 0.0157981969214154
28100 3.12945550608505 0.0108062196015894 0.0121371475047454
28600 3.14749687284406 0.0107260344057778 0.00590421925426554
29100 3.15973186493719 0.0106825231943944 0.0181392113473953
29600 3.14346731138952 0.0105231691196807 0.0018746577997244
30100 3.15718237829668 0.0104788189627424 0.015589724706885
30600 3.13970320935931 0.0103845733405082 0.00188944423048287
31100 3.133222959656 0.0102924511255013 0.00836969393379627
31600 3.12296214227431 0.010216063421005 0.0186305113154801
32100 3.13624724369036 0.0101099027640429 0.00534540989942967
32600 3.13753079336248 0.0100639150204167 0.00406186022731569
33100 3.15556173437994 0.0100135508016473 0.0139690807901474
33600 3.13892458126869 0.00987888712843004 0.00266807232110455
34100 3.15485764715719 0.00985077963116959 0.0132649935673972
34600 3.1443792132096 0.00976977312722591 0.00278655961980334
35100 3.15556589571464 0.00967620090830572 0.0139732421248437
35600 3.13895642676544 0.00964466086727192 0.00263622682434983
36100 3.13697035140569 0.00955946208424879 0.00462230218410564
36600 3.1450915581126 0.00948476579650064 0.00349890452280333
37100 3.14256125152074 0.00939980419804801 0.000968597930945503
37600 3.12861053609045 0.00939355038936416 0.0129821174993388
38100 3.15406694940055 0.0092865683746644 0.0124742958107587
38600 3.13905746783648 0.00923570880590061 0.00253518575331135
39100 3.12604569974349 0.0091586302182794 0.0155469538462985
39600 3.14652697735543 0.00912654394764209 0.00493432376563874
40100 3.12384218283159 0.00907365616114932 0.017750470758199
40600 3.14001745277756 0.00896829683444423 0.00157520081223472
41100 3.14833874796416 0.00896216923227418 0.00674609437436224
41600 3.15127820189114 0.00890929577683856 0.00968554830134361
42100 3.15067361227932 0.00882916401724287 0.00908095868952286
42600 3.14157520718222 0.00881549166322308 1.74464075772818E-05
43100 3.14222486880121 0.00875890024632578 0.000632215211421538
43600 3.15842317378827 0.0087076035336272 0.0168305201984817
44100 3.14397881115503 0.00864764232754551 0.00238615756523775
44600 3.14809699375392 0.00857499011625563 0.00650434016412449
45100 3.130815304518 0.00851896315878128 0.0107773490717942
45600 3.1425451763852 0.00850618093255438 0.000952522795404587
46100 3.14478894127917 0.00844809992092822 0.00319628768937896
46600 3.13950516326498 0.00842959025773556 0.00208749032481803
47100 3.14711544571461 0.00837656693261938 0.00552279212481777
47600 3.14239724037615 0.00831545113353389 0.000804586786352868
48100 3.13877414077058 0.00830812165719395 0.00281851281921641
48600 3.15306521334122 0.0082156663360524 0.0114725597514251
49100 3.14645150944347 0.00819329062641417 0.00485885585367241
49600 3.14179865512058 0.00812982769866311 0.00020600153079009
50100 3.15650526454645 0.00809661608039531 0.0149126109566602
50600 3.14687083490782 0.00804957191106206 0.00527818131803093
51100 3.15047094271892 0.00799890084677346 0.00887828912912658
51600 3.14512742810759 0.00797691548076489 0.00353477451779938
52100 3.14358967268664 0.00795261140446351 0.00199701909684613
52600 3.13643555161706 0.00793664034002997 0.00515710197273345
53100 3.14807124572621 0.00787070715777307 0.00647859213642032
53600 3.1403335787726 0.00783336668053958 0.00125907481719167
54100 3.15642446822672 0.00778522357344095 0.0148318146369242
54600 3.14262586593797 0.00775039366843258 0.00103321234818088
55100 3.13710721307859 0.00773207576849988 0.00448544051120292
55600 3.14494329427785 0.00768689195127004 0.00335064068805391
56100 3.13511450907702 0.00769207601961526 0.00647814451277329
56600 3.15288839542496 0.00761192154686442 0.0112957418351631
57100 3.15160504416077 0.00758101429407823 0.0100123905709784
57600 3.15683816372295 0.0075361864305119 0.0152455101331608
58100 3.14122227248524 0.00751319684071987 0.000370381104555229
58600 3.14723362280497 0.00748708983462939 0.00564096921517976
59100 3.13989629873134 0.00746507866602215 0.00169635485845498
59600 3.1333603618689 0.00744938460434098 0.0082322917208919
60100 3.15474865199424 0.00740175700552578 0.01315599840445
60600 3.13685088792219 0.00734483949506528 0.00474176566760454
61100 3.14792654050882 0.00732241639010386 0.0063338869190237
61600 3.12938809572061 0.00731432950061057 0.0122045578691847
62100 3.14829386318272 0.0072520957999089 0.00670120959292397
62600 3.13377264709707 0.00723931630384069 0.00782000649272607
63100 3.1414690963917 0.00721490067072516 0.000123557198097313
63600 3.15194111006651 0.00718091105772775 0.0103484564767187
64100 3.1453543049726 0.0071714904366079 0.00376165138280715
64600 3.14833750632558 0.00713689050069924 0.0067448527357894
65100 3.14323296500193 0.00710860822958967 0.00164031141213572
65600 3.14528284929664 0.00708782637042336 0.00369019570684692
66100 3.14772262849953 0.00706530687799126 0.00612997490973699
66600 3.1360771512528 0.00702786074706319 0.00551550233698883
67100 3.14413258507871 0.00699525191160678 0.00253993148891629
67600 3.1517615082971 0.00698404996481516 0.0101688547073033
68100 3.14550762714242 0.00694966294389758 0.0039149735526296
68600 3.13781165460614 0.00691954072901165 0.00378099898364948
69100 3.13532213290557 0.00689515972066202 0.00627052068421907
69600 3.14150646899809 0.00687655254493882 8.61845917068393E-05
70100 3.1383240818336 0.00683802806601016 0.00326857175618889
70600 3.13714264087822 0.0068313729345162 0.00445001271156986
71100 3.14340881250311 0.00678921081016257 0.00181615891331788
71600 3.15121628435741 0.00677775732142201 0.00962363076761896
72100 3.13790743375689 0.00676554615514478 0.00368521983290648
72600 3.14775576871613 0.00673816765182039 0.00616311512633771
73100 3.14534006816876 0.00671238875188245 0.00374741457897088
73600 3.1363201689141 0.00668324484841406 0.00527248467569175
74100 3.13336776243883 0.00664897113538307 0.0082248911509657
74600 3.14041993014174 0.00663726368152103 0.00117272344805741
75100 3.14438086744813 0.00661770529413385 0.00278821385833661
75600 3.14109894303386 0.00658820604967041 0.000493710555932392
76100 3.13588018653221 0.00657570454294472 0.00571246705758233
76600 3.14801244758553 0.00653421250586883 0.00641979399574133
77100 3.13635136217949 0.00652522901441337 0.00524129141030283
77600 3.1451044395114 0.00651628731826211 0.00351178592160339
78100 3.1465173550469 0.00648124715261822 0.004924701457103
78600 3.13831988116364 0.00645281756979173 0.00327277242615764
79100 3.14326256087915 0.00646346925105299 0.00166990728935934
79600 3.13801014590737 0.00642954692570067 0.00358250768242341
80100 3.1504186582912 0.00640416804611405 0.00882600470140549
80600 3.1428358513512 0.00639327446776302 0.00124319776140824
81100 3.14200301885243 0.00636230807661616 0.000410365262637491
81600 3.13450369208158 0.00634540476176661 0.00708896150821614
82100 3.133073034205 0.00635122244359203 0.00851961938478851
82600 3.14042291579358 0.00630773559640379 0.00116973779621299
83100 3.1469292297972 0.00630896365615653 0.0053365762074038
83600 3.13677437500425 0.00627574587505126 0.00481827858554063
84100 3.13851081672478 0.00624156679750785 0.00308183686500962
84600 3.13916945076818 0.00625359262204547 0.00242320282160868
85100 3.13117504157439 0.00621760943386222 0.0104176120154063
85600 3.14673680048056 0.0061994194150292 0.00514414689077025
86100 3.13523010024913 0.00616873483698898 0.00636255334066016
86600 3.13816569504432 0.00616558111472782 0.00342695854547692
87100 3.14374932122589 0.0061371665009257 0.00215666763609601
87600 3.15476532340042 0.00615500709094185 0.0131726698106256
88100 3.13620353200495 0.00611900584507978 0.0053891215848445
88600 3.14399358291815 0.00610028578191154 0.00240092932835534
89100 3.13954792608852 0.00607045332179455 0.00204472750127271
89600 3.14635186833783 0.00606916442248191 0.00475921474803842
90100 3.14811824050684 0.00603247705221599 0.00652558691704241
90600 3.14623617252415 0.00603626991254308 0.00464351893435655
91100 3.12998692520997 0.00601902941810672 0.0116057283798212
91600 3.14113063600889 0.0059954085786401 0.000462017580900476
92100 3.14235230082783 0.00598896931274784 0.000759647238034677
92600 3.1376191261675 0.00595989863857325 0.00397352742229717
93100 3.13569803859704 0.00595881057185359 0.00589461499274879
93600 3.13779940557248 0.00593530422970655 0.00379324801730929
94100 3.13636042732463 0.00589820364915521 0.0052322262651634
94600 3.13751399218779 0.00589745922502068 0.00407866140200719
95100 3.13952502550942 0.00588331210938278 0.00206762808036842
95600 3.13584785569363 0.00586809646762021 0.00574479789616245
96100 3.14487215912258 0.00586087361465613 0.00327950553278189
96600 3.14499654267235 0.00584112714547048 0.00340388908255518
97100 3.13818051522714 0.00582754568577934 0.00341213836265153
97600 3.13858704384239 0.00581115124483901 0.00300560974740538
98100 3.14506498677508 0.00580600391877399 0.00347233318529083
98600 3.13635370767387 0.00577545021794993 0.00523894591592011
99100 3.14097996297007 0.00576005261321711 0.000612690619722134
99600 3.14561459855361 0.0057429581200108 0.00402194496381236
100 2.99266159540876 0.180067820634227 0.148931058181031
600 3.17829130909692 0.0728555589913851 0.0366986555071298
1100 3.08802988693123 0.0547865790838374 0.0535627666585636
1600 3.15981342199453 0.0455874712750175 0.0182207684047371
2100 3.1156463058088 0.0395294773566851 0.0259463477809958
2600 3.11678368217976 0.0357494506082828 0.0248089714100335
3100 3.06398921988704 0.0323495612459313 0.0776034337027496
3600 3.12527513933305 0.0300378286926951 0.0163175142567447
4100 3.1179787242169 0.028103510955388 0.0236139293728943
4600 3.14983928854808 0.0266656319014903 0.00824663495828482
5100 3.1225730366714 0.0250551592765033 0.0190196169183894
5600 3.15251289287655 0.0244683168210103 0.0109202392867545
6100 3.16258489859568 0.0232230044413947 0.0209922450058837
6600 3.10464917286904 0.022163972799887 0.0369434807207485
7100 3.13298573771818 0.0214596440212392 0.00860691587161178
7600 3.16761311547484 0.0208960003783622 0.0260204618850501
8100 3.1237333777347 0.0200541028960053 0.0178592758550908
8600 3.16188170503357 0.01956920654106 0.0202890514437772
9100 3.15243874342958 0.0189916289423474 0.0108460898397849
9600 3.15368205303486 0.0185109722716046 0.0120893994450686
10100 3.1182339338006 0.0182695791330662 0.0233587197891896
10600 3.12806328332512 0.0175105827075824 0.0135293702646733
11100 3.13996635022238 0.0171750813135605 0.00162630336741376
11600 3.16448326999818 0.0169317822659901 0.0228906164083909
12100 3.15366139440134 0.0164649059798774 0.0120687408115492
12600 3.1434411085625 0.0160572583582008 0.00184845497270381
13100 3.13536745744086 0.0156832281600977 0.00622519614893102
13600 3.16626159839274 0.0154002653913695 0.0246689448029445
14100 3.14371816577361 0.0152902965332056 0.00212551218381218
14600 3.14793594428563 0.0150798099624591 0.00634329069583961
15100 3.14627691163648 0.0147019366391654 0.00468425804668859
15600 3.14938258812754 0.0145151444845249 0.00778993453774612
16100 3.15214755034196 0.0142906837657031 0.0105548967521636
16600 3.14831429245958 0.0141581117108179 0.00672163886978261
17100 3.13688997694132 0.0138163150237726 0.00470267664847679
17600 3.14500839673953 0.0137142906567805 0.00341574314973903
18100 3.13674030023442 0.0134775076850913 0.00485235335536993
18600 3.13416051208505 0.0132810581136593 0.00743214150474092
19100 3.13671962553692 0.0131517309187115 0.00487302805287104
19600 3.14987195803456 0.0129365687534763 0.00827930444476399
20100 3.13115187461748 0.0127465848553571 0.0104407789723124
20600 3.13449824975986 0.0125767961852512 0.00709440382993698
21100 3.15858720781684 0.0124795254716722 0.016994554227042
21600 3.12726592008255 0.0122722796568123 0.0143267335072461
22100 3.1322245981106 0.0122131786317634 0.00936805547919572
22600 3.16722340477311 0.0121007479302342 0.0256307511833147
23100 3.14430887377775 0.0120341261595403 0.00271622018795581
23600 3.13998814452131 0.0117802538947956 0.00160450906848109
24100 3.15873325644778 0.0116847519371301 0.017140602857991
24600 3.13378480016044 0.0115539674759928 0.00780785342935086
25100 3.14363893690195 0.0114252618102897 0.00204628331215506
25600 3.14768565106516 0.0113294562394139 0.00609299747536785
26100 3.12505440735657 0.0112399293552614 0.016538246233222
26600 3.16452525459686 0.0111634037026934 0.0229326010070667
27100 3.14803187719114 0.0110435609847838 0.00643922360134974
27600 3.1435786518861 0.0109491190655019 0.00198599829631174
28100 3.15939067029578 0.010776691060076 0.0177980167059837
28600 3.15621731877673 0.0107496442855968 0.0146246651869384
29100 3.14848140776354 0.0106844212085749 0.00688875417374613
29600 3.13832866423548 0.0105530028784888 0.00326398935431538
30100 3.14527588144204 0.0104326193713862 0.00368322785224695
30600 3.1244698364471 0.0103591105334899 0.0171228171426923
31100 3.15339787567964 0.0102360657967366 0.0118052220898495
31600 3.14750354685579 0.0101476337062955 0.0059108932659977
32100 3.12878994131389 0.0101158325509389 0.0128027122759056
32600 3.12825905855994 0.010099094487262 0.0133335950298568
33100 3.12776896120447 0.00999297349356444 0.0138236923853228
33600 3.13051467854738 0.00991861738836849 0.0110779750424168
34100 3.14028597313199 0.00980541209727212 0.00130668045779814
34600 3.14791971476227 0.00971833051343377 0.0063270611724815
35100 3.12854714197301 0.00970100753285662 0.0130455116167871
35600 3.1366232165266 0.00962544726826648 0.00496943706319364
36100 3.14262279745718 0.00954133551753285 0.00103014386739009
36600 3.14254960946551 0.0094834795786489 0.000956955875717203
37100 3.13248469884176 0.00940239117393511 0.00910795474803638
37600 3.14444862484638 0.00935359526342985 0.00285597125659143
38100 3.15145242023955 0.00928940267345143 0.00985976664975707
38600 3.14698986308625 0.00925451383222082 0.00539720949645917
39100 3.14650854191965 0.00922456548092849 0.00491588832985412
39600 3.12447810825881 0.00909078626998831 0.0171145453309851
40100 3.15206795569674 0.00903954585217134 0.0104753021069488
40600 3.16605496932019 0.00902093240672311 0.0244623157303931
41100 3.13748901262505 0.0089840697736856 0.0041036409647397
41600 3.15919583444162 0.00886992809342575 0.0176031808518236
42100 3.13923993434885 0.00881324520123236 0.00235271924094516
42600 3.14424881815124 0.00876786898464331 0.00265616456144313
43100 3.14489550836965 0.00872904686207085 0.0033028547798617
43600 3.14337032553339 0.00868321040865423 0.00177767194360134
44100 3.15036565893592 0.0086298380098392 0.00877300534612724
44600 3.14417227625318 0.0086013840053344 0.00257962266338829
45100 3.13519540098754 0.00852816481644275 0.00639725260224822
45600 3.14025548859592 0.00849534600436613 0.00133716499387715
46100 3.13295151073863 0.00847907375624124 0.00864114285116013
46600 3.13186604199828 0.0084032237447249 0.00972661159151622
47100 3.14061047659839 0.00833220753781436 0.000982176991399353
47600 3.1217220899166 0.00832292751662651 0.0198705636731913
48100 3.15037861755482 0.00827929024721616 0.00878596396503184
48600 3.14218435216397 0.00823057486065211 0.000591698574174515
49100 3.14659681420368 0.00819045981739216 0.00500416061388353
49600 3.13729432106868 0.00815201944460079 0.00429833252111278
50100 3.14316408964282 0.00810232839132597 0.00157143605302545
50600 3.13281698019848 0.00805870326899269 0.00877567339131513
51100 3.13661646403002 0.00802224262283886 0.00497618955977641
51600 3.14723676240437 0.00798497159247088 0.00564410881457222
52100 3.13872785862007 0.00796885727871057 0.00286479496972003
52600 3.14820592422064 0.00792290377569413 0.00661327063084949
53100 3.15865856064188 0.00788245761372701 0.0170659070520824
53600 3.13241273968006 0.0078332982664145 0.00917991390973549
54100 3.13535574202871 0.00780579864331582 0.00623691156108386
54600 3.14695855262588 0.00776228985763038 0.0053658990360872
55100 3.13941931229049 0.00772287056222191 0.00217334129930036
55600 3.14785554813367 0.00770551255364931 0.00626289454387319
56100 3.14788041719575 0.00766807712450327 0.00628776360595751
56600 3.13413148374724 0.00761842892915846 0.00746116984254996
57100 3.14942927278497 0.00759863947493044 0.00783661919517575
57600 3.14253566469253 0.00756097860701469 0.000943011102731983
58100 3.14306305942484 0.00752837760354945 0.00147040583504543
58600 3.1543891304841 0.00748948803113884 0.0127964768943092
59100 3.14525817589864 0.00746154657454097 0.00366552230884842
59600 3.14718073714631 0.00743068676553605 0.00558808355652163
60100 3.1267974287346 0.00739377691414672 0.0147952248551979
60600 3.13651048863168 0.00737789300593924 0.00508216495810965
61100 3.14084926544838 0.00734049409236157 0.000743388141417167
61600 3.13658283189256 0.00729081212626562 0.00500982169723585
62100 3.14704690874201 0.00729801530230504 0.00545425515222187
62600 3.13914895387331 0.00724379483229935 0.00244369971648073
63100 3.14171320368189 0.00721487867915657 0.000120550092093552
63600 3.14699354190967 0.00716746528588851 0.00540088831987573
64100 3.13894412846093 0.00715819418366243 0.00264852512886771
64600 3.14229406837044 0.00713015137861307 0.000701414780643894
65100 3.13792272067529 0.00709812798101171 0.00366993291450557
65600 3.14251899960467 0.00706906301969234 0.000926346014875179
66100 3.15177461514582 0.00705294009493434 0.0101819615560239
66600 3.1492853571844 0.00703260702071314 0.00769270359460617
67100 3.15224788551435 0.00700502738834566 0.0106552319245607
67600 3.13464651725354 0.00698074959549837 0.00694613633625663
68100 3.14128866707053 0.00694801508967684 0.000303986519261112
68600 3.13373173107521 0.00693618724842952 0.00786092251458204
69100 3.13994071337343 0.00691768641470399 0.0016519402163615
69600 3.12905286146197 0.00684616529920381 0.012539792127825
70100 3.14191211172725 0.00684723406624754 0.000319458137456596
70600 3.14082668947575 0.0068308354763774 0.000765964114047168
71100 3.12640011920858 0.00681181679054299 0.0151925343812094
71600 3.1491457208599 0.00678812426507266 0.00755306727010385
72100 3.14958704953052 0.00676264766552351 0.00799439594072915
72600 3.1364730735338 0.00672634385220459 0.00511958005598911
73100 3.14866332412018 0.00670833633167054 0.00707067053039045
73600 3.15064016219434 0.00667148056999984 0.0090475086045454
74100 3.13157289806871 0.00665533007505812 0.0100197555210801
74600 3.14421823874953 0.00663816138079013 0.00262558515973721
75100 3.12731140069007 0.00663310455700248 0.014281252899726
75600 3.13920767759738 0.00659855406342573 0.00238497599240928
76100 3.14070068224857 0.00657887252597457 0.000891971341223652
76600 3.14706921610317 0.00654122337283521 0.00547656251337614
77100 3.13931335037154 0.00653714020984814 0.00227930321824887
77600 3.14864855879631 0.0065152209934762 0.00705590520651977
78100 3.13720936642585 0.00649949585975932 0.00438328716393865
78600 3.13597308175642 0.00646527558718997 0.00561957183337292
79100 3.15496270106885 0.00645482102676254 0.0133700474790608
79600 3.14877608530566 0.00641097755271082 0.00718343171586699
80100 3.12767506447175 0.00642500521548993 0.0139175891180447
80600 3.14539190147603 0.00638736517819779 0.00379924788623454
81100 3.13994984742736 0.00636332657792934 0.00164280616243673
81600 3.15564944522532 0.00634376830956538 0.0140567916355296
82100 3.1415542463693 0.00633186465463222 3.84072204941965E-05
82600 3.13486385093294 0.00630959851335804 0.00672880265685727
83100 3.14003114375773 0.00629410205553025 0.00156150983206516
83600 3.15388543194133 0.00627797557116788 0.0122927783515325
84100 3.13333468522906 0.00626552480901318 0.00825796836073778
84600 3.1428735334652 0.00624957533176161 0.00128087987540937
85100 3.15117766739531 0.00620947335060248 0.00958501380552024
85600 3.14662162954066 0.00621207564760221 0.00502897595087015
86100 3.141886959697 0.00619645296224184 0.000294306107203823
86600 3.14160981617097 0.0061639400425045 1.71625811815623E-05
87100 3.13852663194539 0.00613724309328763 0.00306602164440806
87600 3.12612325678549 0.0061282750451735 0.0154693968042987
88100 3.14377599510062 0.00611190978943551 0.00218334151082633
88600 3.14887044232519 0.00610584573676609 0.0072777887354003
89100 3.14387864448471 0.00608785427640912 0.00228599089492176
89600 3.13201465748626 0.00606508961835661 0.00957799610353094
90100 3.14364056965193 0.00604120353506201 0.00204791606213339
90600 3.14320192311338 0.00603254472129192 0.00160926952359031
91100 3.14094213678636 0.00602094808449514 0.000650516803435419
91600 3.1503379085764 0.00599418509504325 0.00874525498660583
92100 3.12819863745875 0.0059604796957848 0.01339401613104
92600 3.1365695196453 0.00595968973640625 0.00502313394449017
93100 3.13852733155577 0.00595496669277987 0.00306532203402288
93600 3.13768353912619 0.00593514821040121 0.00390911446360587
94100 3.1397781394336 0.00593232901090735 0.00181451415619183
94600 3.14023410427122 0.00589819867376284 0.00135854931857615
95100 3.14444393364975 0.00589143915108781 0.00285128005995539
95600 3.14428448366935 0.00584754988086693 0.00269183007955887
96100 3.13772193680511 0.0058579454235842 0.00387071678468454
96600 3.15328650676057 0.00584449428347683 0.0116938531707755
97100 3.14215789876019 0.0058108954516322 0.000565245170392803
97600 3.1400623951899 0.00580967952628689 0.00153025839989551
98100 3.1436395662766 0.00578515938633469 0.00204691268680568
98600 3.14304304767305 0.00576142849639586 0.00145039408325598
99100 3.14222526960802 0.00576483812683417 0.000632616018227061
99600 3.13774353362776 0.00574478949407211 0.00384911996203741
100 2.82267496515443 0.181554793229031 0.31891768843536
600 3.16401917330177 0.0714157997871766 0.022426519711976
1100 3.08648887021419 0.0548317608961929 0.0551037833756056
1600 3.08309162489703 0.0448364860333714 0.0585010286927603
2100 3.13217973524961 0.0392208318790723 0.00941291834018188
2600 3.20070311627402 0.0355112200801638 0.0591104626842269
3100 3.18839042501321 0.0328140806448703 0.046797771423416
3600 3.16715123648944 0.0302861780789976 0.0255585828996421
4100 3.14049733222997 0.0283514656731605 0.0010953213598266
4600 3.12616030143864 0.0267829445387994 0.0154323521511572
5100 3.20080457572446 0.0254399517044131 0.0592119221346707
5600 3.17491497516634 0.0241934259174048 0.0333223215765419
6100 3.13492228698023 0.0230304744158325 0.00667036660956111
6600 3.17255289503442 0.02242637487865 0.0309602414446246
7100 3.18007411279356 0.021595546909828 0.0384814592037679
7600 3.12534420940132 0.0209131424293376 0.016248444188478
8100 3.14612978276327 0.0200683970237445 0.0045371291734746
8600 3.14075726004299 0.0196471253063871 0.000835393546802177
9100 3.13352048516567 0.0190409043385679 0.00807216842412384
9600 3.15405912854335 0.0183833738088168 0.0124664749535528
10100 3.16719855696037 0.0181371923309679 0.0256059033705762
10600 3.15969847717449 0.0175499807331091 0.0181058235846971
11100 3.12623862608127 0.0173736912381357 0.0153540275085189
11600 3.13775276780246 0.0169730840504215 0.00383988578732986
12100 3.13773592832493 0.0164196402682923 0.00385672526486491
12600 3.14655520779777 0.0162466183285904 0.00496255420797498
13100 3.13023241831068 0.0159290083293142 0.0113602352791142
13600 3.1308029057823 0.0155303054127956 0.0107897478074968
14100 3.13740254771799 0.015390039716268 0.00419010587179969
14600 3.14145326745934 0.0150917049252427 0.000139386130450614
15100 3.13475245387936 0.0148147706271235 0.00684019971043615
15600 3.15119548216266 0.0145860545130736 0.00960282857286288
16100 3.12973660732102 0.0142794385438482 0.0118560462687687
16600 3.121388197726 0.0140883126838141 0.0202044558637979
17100 3.14515963626576 0.0138725605322941 0.00356698267596389
17600 3.14210315202852 0.0137506810219263 0.00051049843873141
18100 3.14113872160035 0.0134746552318157 0.000453931989442768
18600 3.13733701839437 0.0133759885846391 0.00425563519542171
19100 3.14108930749578 0.0130819734728139 0.000503346094014034
19600 3.14498667977 0.0128989854255966 0.00339402618020568
20100 3.14672223264947 0.0127983900970428 0.00512957905967815
20600 3.11265161564549 0.01257913931132 0.0289410379442985
21100 3.17747101775792 0.012460820936048 0.0358783641681271
21600 3.14446330501519 0.012329807955901 0.00287065142539333
22100 3.15908329599566 0.0121355005583227 0.0174906424058623
22600 3.14983943140371 0.0120975753055735 0.00824677781392058
23100 3.1405356207242 0.011935289614082 0.001057032865595
23600 3.15836029336466 0.0117777677935757 0.0167676397748688
24100 3.14860328281844 0.0116910330111852 0.00701062922864315
24600 3.13907529532106 0.0115348968674636 0.00251735826873078
25100 3.14417157297083 0.011447603405979 0.00257891938103993
25600 3.14845336902588 0.0113260903325992 0.0068607154360838
26100 3.14435647199797 0.0112015304389735 0.00276381840817397
26600 3.12937006313724 0.0111242819100174 0.0122225904525521
27100 3.13964872794118 0.0110570813025596 0.0019439256486109
27600 3.14919453072938 0.010903647381326 0.00760187713958604
28100 3.13514148730592 0.0108684630658398 0.00645116628387132
28600 3.13156172329972 0.0107652855776329 0.0100309302900703
29100 3.1397349725808 0.0106186834398012 0.00185768100899386
29600 3.15533765332155 0.0105004674979184 0.0137449997317538
30100 3.14319698966974 0.0104337975908093 0.0016043360799447
30600 3.13419363044064 0.0103597263684312 0.00739902314914831
31100 3.16662958072259 0.0102751403424649 0.0250369271328004
31600 3.14934974764449 0.0102068052584347 0.00775709405469804
32100 3.14954811668229 0.0101284587593483 0.00795546309249895
32600 3.1217146266518 0.0100185555987953 0.0198780269379935
33100 3.14434187233807 0.00997758977402041 0.00274921874827605
33600 3.14083971303854 0.00986248493142818 0.000752940551254966
34100 3.13229343724047 0.00986327979514865 0.00929921634931974
34600 3.12421306892426 0.00972870973133304 0.0173795846655351
35100 3.14496466786475 0.00966173688675184 0.00337201427495515
35600 3.15679792719376 0.00958029078494118 0.015205273603967
36100 3.14018284004832 0.00954904585689801 0.00140981354147618
36600 3.1336712132618 0.00946659268145065 0.0079214403279968
37100 3.14000981825356 0.00939914945710352 0.00158283533623038
37600 3.14980682403078 0.00931161853812632 0.00821417044098638
38100 3.15550833009647 0.00928310639767362 0.0139156765066781
38600 3.15561267015897 0.00922563819927383 0.014020016569174
39100 3.13549280370576 0.00919885645791678 0.006099849884035
39600 3.13306876315067 0.00914069118432395 0.00852389043911828
40100 3.14655539363929 0.0090892953458365 0.00496274004949271
40600 3.13150461388209 0.00900038388238691 0.0100880397077048
41100 3.14361975173327 0.00897941356963973 0.00202709814348134
41600 3.14527552672299 0.00889006663533731 0.0036828731331946
42100 3.13725226912165 0.00886068657310383 0.00434038446814444
42600 3.13775242310903 0.00875893502309982 0.00384023048076676
43100 3.13421514391861 0.00870085588835293 0.00737750967118034
43600 3.12545496564955 0.00866137393016124 0.0161376879402439
44100 3.14071029304334 0.00865131821625024 0.000882360546450744
44600 3.14149957927995 0.00858329207687076 9.30743098419562E-05
45100 3.14147759772947 0.00856799016730531 0.000115055860323565
45600 3.14940351609328 0.00851444109432702 0.00781086250348428
46100 3.13759928047801 0.00847348652203204 0.00399337311177916
46600 3.13927057147342 0.00841161968935392 0.0023220821163763
47100 3.14738752848567 0.00834670894450927 0.00579487489588049
47600 3.12178122739066 0.00830872173961443 0.0198114261991318
48100 3.14307227440475 0.00823001823085301 0.00147962081495301
48600 3.13229262605843 0.00822632213227537 0.00930002753135994
49100 3.12882205210312 0.00818750669433675 0.0127706014866744
49600 3.14002069294237 0.00813380561852456 0.0015719606474196
50100 3.14957901851911 0.00808810607200113 0.00798636492931637
50600 3.13807597240984 0.00806415897475392 0.00351668117995318
51100 3.13766724520746 0.00802303147759876 0.00392540838233346
51600 3.14256233232103 0.00798452795215153 0.000969678731232992
52100 3.15230966557887 0.00797100531965709 0.0107170119890756
52600 3.14571092127094 0.00792023625540134 0.0041182676811502
53100 3.1365482186396 0.00788237893118609 0.00504443495019702
53600 3.14594235073787 0.00783471356377184 0.00434969714807254
54100 3.15326980582788 0.00778482304036307 0.0116771522380916
54600 3.14873138378183 0.00775651160337336 0.00713873019203604
55100 3.14778369364907 0.00773982501607513 0.00619104005927751
55600 3.15317643073185 0.0077093752523823 0.0115837771420524
56100 3.13943260891872 0.00763496669538434 0.00216004467107744
56600 3.14446302232961 0.00763962594336598 0.00287036873981261
57100 3.1456795875547 0.00758391719450932 0.00408693396490234
57600 3.14606575900628 0.007578032524192 0.00447310541648882
58100 3.14968513775395 0.00752420480893667 0.00809248416415276
58600 3.13702875783445 0.0074752544288242 0.00456389575534022
59100 3.15388227141866 0.00745845302022792 0.0122896178288672
59600 3.14126111399963 0.00745101385735071 0.000331539590166408
60100 3.14377439953267 0.0073853496478741 0.00218174594288145
60600 3.14096715752459 0.00738987542082448 0.000625496065200792
61100 3.12111712287268 0.00735159688854319 0.0204755307171154
61600 3.14444808204476 0.00731484909460759 0.00285542845497089
62100 3.14709139955358 0.00727404030475169 0.00549874596378874
62600 3.14414942134163 0.00728184362258986 0.00255676775183389
63100 3.13650460786045 0.0072207799387563 0.00508804572934451
63600 3.13740633810119 0.00719424079220761 0.0041863154885986
64100 3.14995959970866 0.00716456896183449 0.00836694611886601
64600 3.13918609634624 0.0071314184321183 0.00240655724355543
65100 3.14603151995749 0.00711993536357031 0.0044388663676953
65600 3.13995573561039 0.00707114396775198 0.00163691797940757
66100 3.15039341012048 0.00706067903520779 0.0088007565306909
66600 3.14986875812023 0.00703332952980002 0.00827610453043226
67100 3.13520736663343 0.00697021636019381 0.0063852869563612
67600 3.13970052137967 0.00696060582263139 0.00189213221012352
68100 3.14519560439253 0.00697720654820189 0.00360295080273554
68600 3.15510035976967 0.0069289688202345 0.0135077061798743
69100 3.14124213666974 0.00689385620754335 0.000350516920048616
69600 3.13228804190741 0.00688743129320695 0.00930461168238672
70100 3.13487534538313 0.00685073759087849 0.00671730820666383
70600 3.15300928874841 0.00682663338273514 0.0114166351586218
71100 3.14329176119673 0.00681188141343374 0.00169910760693437
71600 3.14956398222868 0.00678898478096961 0.00797132863888317
72100 3.1437886292732 0.00676135151308124 0.00219597568340957
72600 3.1451407244872 0.00673857987711102 0.00354807089740783
73100 3.14049961722064 0.00671469764347066 0.00109303636915481
73600 3.12953144266427 0.0066825088762781 0.0120612109255274
74100 3.14773785315416 0.0066673223899887 0.00614519956436377
74600 3.14635861567919 0.00664568070943128 0.00476596208939606
75100 3.14495416451445 0.00661782093101512 0.00336151092465631
75600 3.14454265701801 0.00660263121160811 0.0029500034282206
76100 3.14682500870188 0.00657115240687628 0.00523235511208453
76600 3.14017748466126 0.00654854757119379 0.00141516892852911
77100 3.12929579743296 0.00652597959175759 0.012296856156838
77600 3.12518177265869 0.006507047560801 0.0164108809310983
78100 3.14068816833983 0.0064967179138054 0.000904485249964004
78600 3.14355677644663 0.00648195596821786 0.0019641228568319
79100 3.14265700649513 0.00645663473203579 0.00106435290533735
79600 3.13587501993658 0.00642535642962499 0.00571763365321809
80100 3.146497563306 0.00640555699877863 0.00490490971620261
80600 3.14387969129964 0.00638890586049518 0.00228703770984673
81100 3.12909650634042 0.00637126637258298 0.0124961472493772
81600 3.14809061887642 0.00634328751554567 0.00649796528663016
82100 3.13051555512713 0.00633444421909498 0.0110770984626605
82600 3.14738724643973 0.00631826227792403 0.00579459284994144
83100 3.14166607120409 0.00629727795506916 7.34176142942466E-05
83600 3.13065963228504 0.00625358922576671 0.01093302130475
84100 3.14729673085239 0.0062574213048834 0.0057040772626018
84600 3.13205803009113 0.00622508457317922 0.00953462349866729
85100 3.13431827901189 0.00620737933007858 0.00727437457789826
85600 3.15039128954865 0.00621079458496493 0.00879863595885633
86100 3.14316632727753 0.00617000259781238 0.00157367368774119
86600 3.12581833355828 0.00617537173650688 0.0157743200315141
87100 3.14610596636664 0.00615426474959904 0.00451331277684686
87600 3.13506275717842 0.00610958153391756 0.00652989641136914
88100 3.14801375237033 0.00611108633183961 0.00642109878054109
88600 3.14157779214648 0.00609741821275598 1.48614433164163E-05
89100 3.13950764831198 0.00606482440493825 0.00208500527780942
89600 3.14490629377561 0.00606878088414019 0.00331364018581359
90100 3.14019231402414 0.00604105338886816 0.00140033956564922
90600 3.13970010063911 0.00603033590926034 0.00189255295068502
91100 3.15254157585275 0.00600163628369106 0.0109489222629566
91600 3.12601381139536 0.00599633404015844 0.0155788421944378
92100 3.14098130596243 0.00596546129613392 0.000611347627365255
92600 3.14160597646503 0.00596912297455691 1.3322875233257E-05
93100 3.14008740706175 0.00594490540830827 0.00150524652804318
93600 3.14865970833367 0.00592185463219055 0.00706705474387848
94100 3.14646080017966 0.00590207538794633 0.0048681465898639
94600 3.14670191056397 0.00589473623979305 0.00510925697417397
95100 3.140289499459 0.00587678274777144 0.00130315413079085
95600 3.13813442875559 0.00586478338300722 0.00345822483420255
96100 3.13633607179352 0.00586594861026593 0.00525658179627486
96600 3.13766705215156 0.00584383918521265 0.00392560143823673
97100 3.14200396396579 0.00582348457490553 0.000411310375996621
97600 3.14183680413335 0.00581389938369611 0.000244150543556199
98100 3.14374449507667 0.00579460447647318 0.00215184148687309
98600 3.14144963230938 0.00576031287174893 0.000143021280408995
99100 3.14673050594855 0.00575763492276503 0.00513785235875508
99600 3.14055108960604 0.00573590231623916 0.00104156398375288
100 2.80102512035445 0.177111314608479 0.340567533235347
600 3.1612005830714 0.0749517424896734 0.0196079294816047
1100 3.1243999876661 0.0549011677664207 0.0171926659236883
1600 3.12762510446452 0.0466372852230291 0.0139675491252711
2100 3.19257518578773 0.0401006907547976 0.050982532197934
2600 3.10257810930616 0.0355214583056668 0.0390145442836323
3100 3.14905992328484 0.0324544817326295 0.00746726969504552
3600 3.19929305643655 0.0302107328365508 0.0577004028467614
4100 3.16982482631709 0.0284224175580669 0.0282321727272983
4600 3.16015266796379 0.0266230086917496 0.0185600143739921
5100 3.13631987424598 0.0255207262192829 0.00527277934381098
5600 3.13765872019699 0.0243371949056192 0.00393393339280035
6100 3.12016222148878 0.0233565624655642 0.0214304321010133
6600 3.17560259605188 0.0222694762166788 0.0340099424620908
7100 3.12045910010945 0.0216228024966207 0.0211335534803476
7600 3.13762736436369 0.0206817564669853 0.00396528922610484
8100 3.16214518698949 0.020160249650334 0.0205525333996994
8600 3.10115966779622 0.0196861566506655 0.0404329857935743
9100 3.14183032296241 0.0189223001948722 0.000237669372617599
9600 3.15775429044115 0.0186544545389731 0.0161616368513533
10100 3.14376444888287 0.0180113349274617 0.00217179529307954
10600 3.15088811299335 0.0176340571946715 0.00929545940355858
11100 3.11118590021182 0.0171556729167089 0.030406753377977
11600 3.1494991806313 0.0167660774836494 0.00790652704150796
12100 3.14222981418604 0.016516116863266 0.000637160596249853
12600 3.16790733887617 0.0161841552406259 0.0263146852863767
13100 3.14503749451033 0.015830634227504 0.00344484092053232
13600 3.15257151780712 0.0155896629919088 0.0109788642173307
14100 3.15151525141078 0.0152622464482348 0.00992259782098426
14600 3.14455577148129 0.0150152538118873 0.00296311789150039
15100 3.14297770068644 0.0147406218888711 0.00138504709664788
15600 3.14217873172966 0.0144606068492854 0.000586078139866775
16100 3.12881791352524 0.014226159610109 0.0127747400645495
16600 3.13470486098569 0.0140438219837518 0.00688779260410577
17100 3.13934520326107 0.0139723932725729 0.0022474503287202
17600 3.12845314020867 0.0136752721412738 0.0131395133811218
18100 3.15218514713494 0.0134581118988016 0.010592493545146
18600 3.12574091980699 0.0133016526194221 0.015851733782799
19100 3.17239054134143 0.0130650715392014 0.0307978877516324
19600 3.15235232357872 0.0129763264480906 0.0107596699889294
20100 3.13467515661921 0.0128584627568582 0.00691749697058253
20600 3.15989012589597 0.0126461407285183 0.0182974723061791
21100 3.13631990879641 0.0125740289426102 0.00527274479338535
21600 3.12919878023552 0.0123714879304441 0.0123938733542768
22100 3.16544711137831 0.0121919686993464 0.0238544577885196
22600 3.13834525227111 0.012024615760073 0.00324740131868007
23100 3.13786895662073 0.0119865806161246 0.00372369696906283
23600 3.14451117326703 0.0118278826444525 0.00291851967723966
24100 3.12091431701707 0.0116681818023372 0.0206783365727232
24600 3.14126407530379 0.0115802625531408 0.000328578286001857
25100 3.14664804205077 0.011473850065067 0.00505538846097453
25600 3.15431603940632 0.0113246256273515 0.0127233858165248
26100 3.15690935460267 0.0112580766143069 0.015316701012877
26600 3.12746130564588 0.0111326609370416 0.0141313479439162
27100 3.13255034265135 0.0110609452461694 0.00904231093844388
27600 3.12479577959883 0.0109069117428391 0.0167968739909625
28100 3.14089669723781 0.0107947645062922 0.000695956351978833
28600 3.15486282722229 0.0107771725587974 0.0132701736324989
29100 3.1416356284406 0.0105707385139081 4.29748508117278E-05
29600 3.15732790658254 0.010541878827393 0.0157352529927506
30100 3.15131287786976 0.0104469811398946 0.00972022427997077
30600 3.15370399895583 0.0103460096075251 0.0121113453660402
31100 3.14760889595186 0.0102935796084267 0.00601624236206444
31600 3.15827968069471 0.0102472797828585 0.0166870271049131
32100 3.12923123623092 0.0101147346416799 0.0123614173588709
32600 3.14835785521695 0.0100808243804784 0.00676520162715244
33100 3.14368330442361 0.0100444921191045 0.0020906508338121
33600 3.13074204726104 0.00994231346177291 0.0108506063287579
34100 3.13625844395686 0.00980764524127596 0.0053342096329354
34600 3.12357383288339 0.00974197988880491 0.0180188207064029
35100 3.14293250787357 0.00968807717848824 0.00133985428377459
35600 3.14877392479827 0.00960144042282296 0.00718127120848111
36100 3.12266734056546 0.00954087711904783 0.0189253130243303
36600 3.14595795379272 0.00948259865968959 0.00436530020292913
37100 3.13425493497499 0.00940291810442152 0.00733771861480248
37600 3.12866264549763 0.00935873660774817 0.0129300080921655
38100 3.15456025653328 0.00929469981704113 0.0129676029434878
38600 3.13815863906403 0.00919008272429637 0.00343401452576364
39100 3.14477385534724 0.00916438787292747 0.00318120175744507
39600 3.13372737922528 0.00914078952902752 0.00786527436451046
40100 3.15467375313699 0.00907725225377591 0.0130810995471964
40600 3.12327944852241 0.00899623059323639 0.0183132050673791
41100 3.13894492363744 0.00901046021599268 0.00264772995235685
41600 3.13903145556863 0.00892939556372981 0.00256119802116128
42100 3.13887568403098 0.00884701093748864 0.00271696955881806
42600 3.13401307408659 0.00879489314893876 0.00757957950320121
43100 3.15580164159035 0.00875036108941312 0.0142089880005605
43600 3.15247802112694 0.00870307242606197 0.010885367537147
44100 3.12939470931567 0.00861407369519254 0.0121979442741216
44600 3.14286225972693 0.00852818552968737 0.00126960613713267
45100 3.14194183832336 0.0085032962711691 0.000349184733567931
45600 3.13974711476125 0.00849721062240975 0.00184553882854388
46100 3.12890016799733 0.00847191251128564 0.0126924855924604
46600 3.14684633731438 0.00839603237973717 0.00525368372458868
47100 3.13835350232652 0.00838904131028624 0.00323915126326835
47600 3.13561134065596 0.00832416173847412 0.00598131293383508
48100 3.14883626162591 0.00823780867560849 0.00724360803611734
48600 3.14376357367555 0.00823856044255503 0.00217092008575248
49100 3.13363238993714 0.00817282610053991 0.00796026365265678
49600 3.14234304250325 0.00814300805052097 0.000750388913452138
50100 3.15314238079754 0.00808466305678944 0.0115497272077461
50600 3.11807743150054 0.00806612326835207 0.0235152220892494
51100 3.1317362452639 0.0080490845300374 0.00985640832588919
51600 3.13117906032991 0.00800311424827545 0.0104135932598797
52100 3.1404187025899 0.00793754440552736 0.00117395099989759
52600 3.13966045483615 0.00790574459161449 0.00193219875363893
53100 3.14058094657792 0.00788450032772778 0.00101170701187714
53600 3.14694055476284 0.00784223201666506 0.00534790117305173
54100 3.15293599889869 0.00779181725431566 0.0113433453088936
54600 3.13738713260348 0.0077517606427295 0.00420552098631699
55100 3.12645005228495 0.00771596279074064 0.0151426013048472
55600 3.15326356946081 0.00771291103871287 0.0116709158710124
56100 3.15526594786612 0.0076599208751002 0.0136732942763258
56600 3.1356980085664 0.00761766567735332 0.00589464502338855
57100 3.13053828080254 0.0076017960643699 0.011054372787251
57600 3.13497245957029 0.00753533944269274 0.00662019401950698
58100 3.13451149875925 0.00750210592520663 0.00708115483054517
58600 3.15214002307748 0.0074873371422549 0.0105473694876883
59100 3.13162163353249 0.00745104282406604 0.00997102005730621
59600 3.13607996984178 0.00745837709369991 0.0055126837480155
60100 3.14704460352612 0.00738461141095962 0.00545194993632547
60600 3.14482417688484 0.00737500496697401 0.00323152329504994
61100 3.14299493369446 0.0073469587165514 0.00140228010466226
61600 3.13674155229667 0.00732440052013499 0.00485110129312627
62100 3.14179217724697 0.00727489697475064 0.000199523657179679
62600 3.14279164191243 0.00727096627350057 0.00119898832263532
63100 3.13751798811914 0.00719325675796052 0.00407466547065027
63600 3.13718589684129 0.00718325398728582 0.00440675674850732
64100 3.1399429594825 0.0071475788864497 0.00164969410729698
64600 3.13246649214242 0.00714454449323307 0.00912616144737388
65100 3.14844651555142 0.0070795952014688 0.00685386196163096
65600 3.13480591452817 0.00706076617790997 0.00678673906162164
66100 3.14154300799684 0.00704095654715256 4.96455929543949E-05
66600 3.13654762144017 0.00701766257269841 0.00504503214962648
67100 3.15411074706335 0.00701343870009333 0.0125180934735529
67600 3.14554467669763 0.00696499783832509 0.00395202310783471
68100 3.14777808991559 0.00696069515821802 0.00618543632579938
68600 3.14094358835733 0.00692583073527398 0.000649065232460888
69100 3.13682605783908 0.0068779624744274 0.00476659575071592
69600 3.15597138929285 0.00687669254351999 0.0143787357030591
70100 3.13522500873119 0.00683432663329493 0.00636764485860475
70600 3.1535524746989 0.0068101167411679 0.0119598211091021
71100 3.13536806761044 0.00679437750006573 0.00622458597934994
71600 3.13256113465308 0.00677272074627404 0.00903151893670984
72100 3.13877010092337 0.00675373336188309 0.0028225526664194
72600 3.13602708845633 0.00673025586176932 0.00556556513346473
73100 3.14264750598902 0.00670701865773691 0.00105485239922309
73600 3.13771398796506 0.00667309755434103 0.00387866562473782
74100 3.14680036032777 0.0066681425781246 0.00520770673797921
74600 3.14471895471206 0.0066419028195961 0.00312630112226442
75100 3.1377879151304 0.00659508338633525 0.00380473845939244
75600 3.13107271987606 0.00658886158082631 0.0105199337137289
76100 3.12642662599455 0.00657520915292311 0.0151660275952472
76600 3.14286582569965 0.00656039052405946 0.00127317210985556
77100 3.14146605790185 0.00654043493820964 0.000126595687939268
77600 3.13918718518266 0.00651196737474322 0.00240546840713041
78100 3.1342685944516 0.00648809307777234 0.00732405913818823
78600 3.13890885221788 0.00647266758624455 0.00268380137191482
79100 3.15323536754899 0.00645740112390696 0.0116427139591964
79600 3.13116380851712 0.00643346194626365 0.0104288450726711
80100 3.14606636107354 0.00642242537449377 0.00447370748374842
80600 3.13885672412105 0.00638544112784387 0.00273592946874412
81100 3.14008910412706 0.00636858605217596 0.00150354946273801
81600 3.1437391169256 0.00635006989207219 0.00214646333580726
82100 3.14168935639128 0.00632198943533197 9.67028014891014E-05
82600 3.15080039985767 0.00630604217576559 0.00920774626787635
83100 3.14023828245653 0.00630727333869559 0.00135437113326242
83600 3.1439351432667 0.00626641971698648 0.0023424896769102
84100 3.13833089969653 0.00624633723427723 0.00326175389326044
84600 3.14144592782431 0.00625489264633946 0.000146725765485911
85100 3.14478952153828 0.00622712895780787 0.0031968679484895
85600 3.14114399172709 0.0061890288184616 0.000448661862705091
86100 3.1383427718939 0.00617217967448915 0.00324988169588813
86600 3.14330727568533 0.00616969064962925 0.00171462209553708
87100 3.1532416364625 0.0061349460559569 0.0116489828727109
87600 3.14463157425345 0.00613276001982491 0.0030389206636614
88100 3.13710204203942 0.00610567764834869 0.00449061155037667
88600 3.14140160762111 0.00609214957554127 0.000191045968685355
89100 3.1477496597532 0.00609038427304952 0.00615700616341153
89600 3.15113003514513 0.00605579441679003 0.00953738155533479
90100 3.13735950325101 0.00605020475853638 0.00423315033878113
90600 3.1462351964658 0.00602901498484104 0.00464254287600374
91100 3.13854268967668 0.00600417523075704 0.00304996391311807
91600 3.14435985491065 0.00599138881771388 0.00276720132085995
92100 3.14038427631245 0.00597100036577926 0.00120837727734768
92600 3.13681767750511 0.00596059916287388 0.00477497608468092
93100 3.14909058863721 0.0059371074875588 0.00749793504741536
93600 3.1435971431639 0.00594138847758628 0.00200448957410737
94100 3.1326042773455 0.00591828093487717 0.00898837624429571
94600 3.13545825136132 0.00589108838850034 0.00613440222847794
95100 3.1438611147749 0.00588748647065037 0.00226846118511181
95600 3.1424093589932 0.00586256761560646 0.00081670540340939
96100 3.15183560250906 0.00582994340993257 0.010242948919267
96600 3.14547954134772 0.00583937513575519 0.00388688775792545
97100 3.14632611340564 0.00583330091469861 0.00473345981585149
97600 3.13839167852453 0.00579379437785489 0.00320097506526285
98100 3.1377336971477 0.00579110142848296 0.00385895644209411
98600 3.12356895069673 0.0057747137148975 0.0180237028930592
99100 3.14756725526868 0.00575307513083696 0.00597460167889041
99600 3.14593213510991 0.00573383039239707 0.00433948152011299
100 2.74921016002512 0.19545858800683 0.392382493564668
600 3.18394360653388 0.0731693883238825 0.0423509529440849
1100 3.10247692693962 0.0545073467281027 0.0391157266501718
1600 3.11313617840693 0.0446009630316388 0.0284564751828618
2100 3.09065259066582 0.0395100357944404 0.0509400629239747
2600 3.14451767441142 0.0360562403118297 0.00292502082163137
3100 3.23906721454829 0.0334751002005455 0.0974745609585006
3600 3.11335812121598 0.0301472037331686 0.0282345323738151
4100 3.13663870738661 0.0283171843696808 0.00495394620318468
4600 3.13065868119648 0.0268700594222693 0.0109339723933095
5100 3.1459600844143 0.0252741027329142 0.00436743082450697
5600 3.11569493867238 0.0242156508671852 0.0258977149174151
6100 3.16432113276021 0.0233507042051407 0.0227284791704205
6600 3.1440896264475 0.0223089905516161 0.00249697285770312
7100 3.1476040100609 0.0216835759665558 0.00601135647110329
7600 3.14096364902046 0.0207521589638746 0.000629004569336011
8100 3.12348556578955 0.0200547314558251 0.0181070878002427
8600 3.14618896039131 0.019709177437245 0.00459630680151912
9100 3.12416376147446 0.0189230203205202 0.0174288921153369
9600 3.15599353074364 0.0184364374045989 0.0144008771538449
10100 3.15094016019902 0.0180105835490965 0.00934750660922834
10600 3.11794809251613 0.017676712975227 0.023644561073664
11100 3.1252284080183 0.0172624154775446 0.0163642455714967
11600 3.16680309648253 0.0168423863270356 0.025210442892734
12100 3.13379969408144 0.0166561460903434 0.00779295950835568
12600 3.1627272794605 0.0160679338933406 0.0211346258707032
13100 3.13998981211548 0.0159111514421962 0.00160284147431389
13600 3.17194533159736 0.0155112008643766 0.0303526780075662
14100 3.12249961873677 0.0152420495002894 0.0190930348530252
14600 3.13144872813171 0.0150793942954147 0.0101439254580802
15100 3.15665251050504 0.0147796861939844 0.0150598569152436
15600 3.14818930736325 0.0145308911369125 0.00659665377345409
16100 3.14040001595329 0.0142341991826189 0.00119263763650235
16600 3.13344134587142 0.014030586085997 0.00815130771837191
17100 3.13596878852796 0.0138901793832398 0.00562386506182921
17600 3.14916891647747 0.013695827822379 0.00757626288767366
18100 3.15043837189197 0.0135218285546448 0.00884571830217595
18600 3.14201710334502 0.0132498132913675 0.000424449755223044
19100 3.14594192699415 0.0131635029000575 0.00434927340435598
19600 3.13909461027149 0.0129551810634702 0.00249804331830195
20100 3.15217073893631 0.0128084648202966 0.0105780853465185
20600 3.12539841763836 0.0125973236864893 0.0161942359514304
21100 3.14366522290706 0.0124777366152315 0.00207256931726896
21600 3.13497997878389 0.012349050172572 0.00661267480589922
22100 3.1242798989171 0.0122165687068929 0.0173127546726914
22600 3.13386219276965 0.0120867094278783 0.00773046082014694
23100 3.1321235292282 0.0119191689944176 0.0094691243615932
23600 3.13135516090694 0.0118399548272125 0.0102374926828528
24100 3.14044316104411 0.0117565110915145 0.00114949254568053
24600 3.12686555115203 0.0115543338146226 0.0147271024377629
25100 3.1540899963356 0.011457796288125 0.0124973427458026
25600 3.11122330938565 0.0113353167722221 0.0303693442041402
26100 3.14206355771578 0.0112452888363659 0.000470904125986493
26600 3.15569334197105 0.0110918921776536 0.0141006883812618
27100 3.16422076137257 0.0110255518937775 0.0226281077827801
27600 3.14207449835321 0.0109310312808809 0.000481844763418504
28100 3.15418002260129 0.0108239787900861 0.0125873690114973
28600 3.13439154633091 0.0107267218793028 0.00720110725888334
29100 3.12492946776347 0.010624603331538 0.0166631858263218
29600 3.13776653631648 0.0105382867636197 0.00382611727331561
30100 3.13592065749377 0.0104629631374294 0.00567199609602254
30600 3.15214946674888 0.0103623283801151 0.0105568131590901
31100 3.12739965908995 0.0103101007815899 0.0141929944998469
31600 3.16202760909233 0.0101719325522403 0.0204349555025356
32100 3.14844298795983 0.0100953508286349 0.00685033437004146
32600 3.14357419485238 0.0100471368552383 0.00198154126258254
33100 3.12844210425041 0.0099911890150575 0.0131505493393798
33600 3.14400333820728 0.0099000780038609 0.00241068461748783
34100 3.13162328836997 0.00984070325277365 0.00996936521982539
34600 3.14271470295873 0.00969566163547809 0.00112204936893434
35100 3.15202865640219 0.00964766527347075 0.0104360028123942
35600 3.13859958175293 0.00961833360607445 0.00299307183686803
36100 3.15433797127289 0.00953076845660298 0.0127453176830952
36600 3.14732348269562 0.00948665049191567 0.00573082910583178
37100 3.13183882368118 0.00939002004930539 0.00975382990861728
37600 3.14798504810434 0.00933794923673272 0.00639239451454987
38100 3.13448796975186 0.00926618592606581 0.00710468383793561
38600 3.13680086957876 0.00922331977224499 0.00479178401103697
39100 3.14513107114369 0.00917967709043485 0.00353841755389972
39600 3.14974049576461 0.00909838302722295 0.00814784217481668
40100 3.13964879442111 0.00906828119617049 0.00194385916868045
40600 3.14823318071431 0.00903247607528002 0.00664052712451513
41100 3.15396411729221 0.00894831469080899 0.0123714637024213
41600 3.15608802407617 0.00886598422342381 0.0144953704863746
42100 3.14143336657673 0.00883636041464245 0.00015928701306267
42600 3.12432691860403 0.00879714858419419 0.0172657349857661
43100 3.14248057212736 0.00873671095156587 0.000887918537565646
43600 3.1473765641556 0.00871621428227347 0.00578391056580463
44100 3.15004146626541 0.00863947207560852 0.00844881267561437
44600 3.14914321113808 0.00858408382933931 0.00755055754828415
45100 3.15500481416098 0.00856738887152415 0.0134121605711859
45600 3.14826698951453 0.00851930261297622 0.00667433592473676
46100 3.14447773362658 0.00849450399006801 0.00288508003679055
46600 3.13628763684202 0.00838213176729046 0.00530501674777151
47100 3.1545673649853 0.00833711685073186 0.0129747113955068
47600 3.13268035930725 0.0083158009906338 0.00891229428254103
48100 3.13513096296458 0.00825578106011205 0.00646169062521107
48600 3.12158956450961 0.00820875787942914 0.0200030890801792
49100 3.14260791358894 0.00820610352286509 0.00101525999915175
49600 3.13942091643431 0.00812931003471125 0.00217173715548391
50100 3.13962811203881 0.00810308245069241 0.00196454155098769
50600 3.13574205340623 0.00807514361082884 0.00585060018356431
51100 3.1540456170043 0.00805999315475448 0.0124529634145114
51600 3.13969112356176 0.00797553053737278 0.00190153002803806
52100 3.14041091725305 0.00797335951479165 0.00118173633674035
52600 3.13478702791027 0.00791319193445301 0.00680562567952547
53100 3.14386414010134 0.0078735285135757 0.00227148651154208
53600 3.12832286383609 0.00782538743917311 0.0132697897537044
54100 3.13745608176527 0.00781106394866611 0.00413657182452409
54600 3.13179582505217 0.00777630001468353 0.0097968285376191
55100 3.14010490994011 0.0077331390268015 0.00148774364968007
55600 3.13933298451246 0.00770281869859252 0.00225966907733177
56100 3.13872322516786 0.00766475487424589 0.00286942842193705
56600 3.13754078805486 0.00764632681033756 0.00405186553493309
57100 3.15052732147588 0.0075748178685475 0.00893466788608333
57600 3.15278169671058 0.00756542309258004 0.0111890431207891
58100 3.15037313151743 0.00750893916115222 0.00878047792764081
58600 3.14735101478993 0.00748398954295796 0.00575836120013751
59100 3.15447583998731 0.00746904537480762 0.012883186397517
59600 3.13338934206913 0.00743237622307758 0.00820331152066345
60100 3.13940796455149 0.007384339780497 0.00218468903830304
60600 3.13071678661288 0.00734957441777784 0.0108758669769138
61100 3.15548235453443 0.00734167040290728 0.0138897009446355
61600 3.14053289482695 0.00729728699139502 0.00105975876284248
62100 3.13250654248831 0.00724076317258531 0.00908611110147861
62600 3.14591328784668 0.00725720991552896 0.00432063425688778
63100 3.1458097336307 0.00721089880879347 0.0042170800409056
63600 3.13291426789211 0.00719474342532393 0.00867838569768198
64100 3.13848833345407 0.00717007804607875 0.00310432013572504
64600 3.13951558968701 0.00710547805821963 0.00207706390278695
65100 3.13219012114833 0.00711103083521726 0.00940253244146083
65600 3.1428721215349 0.00708437579879305 0.00127946794510336
66100 3.13652369818434 0.00706717637195283 0.00506895540545482
66600 3.13784732755621 0.00705532640278083 0.00374532603358757
67100 3.13651493062212 0.00701005005519572 0.00507772296767239
67600 3.1439452425232 0.00698375572974328 0.00235258893340928
68100 3.13431104145197 0.00694818120067653 0.0072816121378243
68600 3.13106641551778 0.00691694381684943 0.0105262380720168
69100 3.14202706159263 0.00689431590674401 0.000434408002836228
69600 3.14214841445088 0.00687213876666086 0.000555760861086441
70100 3.14433012704475 0.00684936559710977 0.00273747345495368
70600 3.13381690523257 0.00681292265669156 0.00777574835721984
71100 3.13838905672577 0.00679200333163742 0.00320359686402405
71600 3.13805130754617 0.00677047580295842 0.00354134604362333
72100 3.14683948490474 0.0067676143046239 0.00524683131494408
72600 3.13830917864431 0.00672711432255076 0.00328347494547865
73100 3.13440825907586 0.00673285004805168 0.00718439451393094
73600 3.13659214666555 0.00669433983394448 0.00500050692424514
74100 3.14083148702658 0.00665592470415878 0.000761166563211457
74600 3.13714227823104 0.00663420566448066 0.00445037535875548
75100 3.13195541700847 0.0066183073218354 0.00963723658131999
75600 3.15173127441819 0.00659021315280116 0.0101386208284011
76100 3.14303472826443 0.00657038363249688 0.0014420746746322
76600 3.13236469608516 0.00655054333095168 0.00922795750463568
77100 3.1541636427707 0.00654131292590703 0.0125709891809116
77600 3.14084634949518 0.00649606649341828 0.000746304094616956
78100 3.13279714891087 0.00648207627980121 0.00879550467892809
78600 3.15255493684726 0.00647195301457257 0.0109622832574661
79100 3.13479376265384 0.00645852536946465 0.00679889093595376
79600 3.14058477905929 0.00643383749486462 0.00100787453050222
80100 3.13213041812623 0.0064148680828061 0.00946223546356606
80600 3.14642845295969 0.00640331136427127 0.00483579936990175
81100 3.13141675689342 0.0063549603743762 0.0101758966963708
81600 3.1366412627556 0.00635454793611336 0.00495139083419227
82100 3.13052003392158 0.00633812795299517 0.0110726196682127
82600 3.14145698534333 0.00632045516678695 0.000135668246461496
83100 3.15023294952652 0.00628356563205612 0.00864029593672777
83600 3.14232934482498 0.00629447668945234 0.000736691235188047
84100 3.14766537662546 0.00625825484395174 0.00607272303566786
84600 3.14546833122266 0.00623641758119839 0.00387567763286611
85100 3.15069480070963 0.0062259930609067 0.0091021471198367
85600 3.13265381091202 0.00619786783343964 0.00893884267777567
86100 3.13364353264099 0.00618107678564573 0.00794912094880651
86600 3.13845232202907 0.00616019285570533 0.00314033156072302
87100 3.14493464028389 0.00615367752676814 0.00334198669409469
87600 3.14032003842148 0.00615458250001095 0.001272615168316
88100 3.12957986608939 0.00610561288915499 0.0120127875004061
88600 3.13830005559182 0.00608565958416434 0.00329259799797299
89100 3.14213592533505 0.00608887304502903 0.000543271745256035
89600 3.14343969606789 0.00605067458856745 0.00184704247810163
90100 3.12853612416792 0.0060546412649525 0.0130565294218732
90600 3.13423240438059 0.00601812125227917 0.00736024920920419
91100 3.1425528949856 0.00599385985235472 0.00096024139580253
91600 3.13755682138667 0.00599889856067558 0.00403583220312553
92100 3.13162405924985 0.00595114136466691 0.00996859433994768
92600 3.14456065122425 0.00595405080415272 0.00296799763445543
93100 3.14725585634527 0.00593456496628277 0.0056632027554766
93600 3.13991127734973 0.00594108946701665 0.00168137624006315
94100 3.13823800742116 0.0058968726412312 0.00335464616862913
94600 3.14208533546552 0.00590910513461893 0.000492681875723378
95100 3.13881186073811 0.00585880939580668 0.00278079285168475
95600 3.14571896124353 0.00586619515553246 0.00412630765373834
96100 3.14102082949904 0.00585233181860581 0.000571824090757733
96600 3.14380034482277 0.00582459044839696 0.00220769123297293
97100 3.14347854420489 0.00580859939443513 0.00188589061510092
97600 3.14567878569931 0.00580422086737121 0.00408613210951447
98100 3.14708632916033 0.00578546517138009 0.00549367557053237
98600 3.13641463145839 0.00577780151887207 0.00517802213140461
99100 3.14555515352577 0.00576494301920819 0.00396249993598108
99600 3.14434715520565 0.00574015618348641 0.00275450161585677
