Matrix A
     0.249      0.111      0.467      0.772      0.658 
     0.433      0.354      0.944      0.101      0.642 
    0.0286      0.248       0.32       0.99      0.682 
     0.655      0.283      0.615      0.704      0.702 
      0.95     0.0934      0.161      0.382      0.798 
     0.169      0.794      0.307      0.823      0.886 
     0.556      0.717      0.699     0.0136      0.992 
     0.806      0.859     0.0625      0.514      0.525 
Matrix Q
     0.155     -0.051      0.324      0.425     0.0227 
      0.27     0.0678      0.629     -0.312     -0.285 
    0.0179      0.223      0.206      0.603      0.131 
     0.409     -0.143      0.261      0.228      -0.39 
     0.593     -0.515     -0.209      0.113      0.475 
     0.106      0.663    -0.0618      0.258      0.262 
     0.347      0.341      0.212     -0.475      0.471 
     0.503       0.32     -0.544    -0.0287     -0.482 
Matrix R
       1.6       1.05      0.986       1.03       1.75 
         0       1.03      0.403      0.605      0.744 
         0          0       1.03      0.294      0.644 
         0          0          0       1.29      0.482 
         0          0          0          0      0.474 
Matrix Q_transposed * Q
         1   1.39e-16  -1.11e-16  -1.56e-17   4.16e-16 
  1.39e-16          1   1.67e-16   9.02e-17  -5.55e-17 
 -1.11e-16   1.67e-16          1  -1.56e-17   5.55e-17 
 -1.56e-17   9.02e-17  -1.56e-17          1   1.84e-16 
  4.16e-16  -5.55e-17   5.55e-17   1.84e-16          1 
Does Q_transposed * Q approximate to the identity matrix: True
Matrix QR
     0.249      0.111      0.467      0.772      0.658 
     0.433      0.354      0.944      0.101      0.642 
    0.0286      0.248       0.32       0.99      0.682 
     0.655      0.283      0.615      0.704      0.702 
      0.95     0.0934      0.161      0.382      0.798 
     0.169      0.794      0.307      0.823      0.886 
     0.556      0.717      0.699     0.0136      0.992 
     0.806      0.859     0.0625      0.514      0.525 
Does A approximate to QR: True
#################################################################### 
 Testing solve for square matrix
####################################################################
Square A matrix
     0.273      0.994      0.691      0.387      0.434 
     0.675      0.677      0.473      0.245      0.353 
     0.526      0.169      0.347      0.692      0.395 
     0.155       0.95      0.085      0.974      0.488 
     0.639     0.0469      0.121      0.215     0.0862 
     0.312      0.549      0.306      0.998      0.876 
b Vector     0.796       0.22      0.101      0.179      0.429 
Square Q matrix
     0.236      0.586      0.617     -0.186     -0.224 
     0.584     0.0685    0.00178     -0.503      0.344 
     0.455     -0.225      0.234      0.537     -0.513 
     0.134      0.631     -0.687      0.106     -0.308 
     0.553     -0.396     -0.303     -0.161     -0.102 
      0.27      0.215     0.0228      0.622       0.68 
Square R matrix
      1.16       1.01      0.758       1.07      0.838 
         0       1.29      0.431      0.832      0.652 
         0          0      0.421      -0.31     0.0199 
         0          0          0      0.866      0.536 
         0          0          0          0      0.258 
QR
     0.273      0.994      0.691      0.387      0.434 
     0.675      0.677      0.473      0.245      0.353 
     0.526      0.169      0.347      0.692      0.395 
     0.155       0.95      0.085      0.974      0.488 
     0.639     0.0469      0.121      0.215     0.0862 
     0.312      0.549      0.306      0.998      0.876 
