0 0
0.125 -0.061420949694826
0.247249551951749 -0.124280012053406
0.349964406374387 -0.182643934094822
0.434845154684409 -0.236836284035384
0.510334448450065 -0.291057441022828
0.576679430418972 -0.34453225115081
0.635501258522084 -0.397363050185816
0.688390035922154 -0.449887627844438
0.736589016605369 -0.502437924891363
0.783185919662226 -0.557967677177119
0.825240074314503 -0.61249045662631
0.865877659859077 -0.66950917683161
0.904786832721909 -0.728429583491222
0.941875734977947 -0.788839771525627
0.977182439003991 -0.850470891246068
1.01081440323291 -0.913160586787724
1.04291070544727 -0.976822869773393
1.07361998766763 -1.04142516901057
1.10308849228633 -1.10697182691564
1.13145424674201 -1.17349279350926
1.15884482672175 -1.24103625078175
1.18537710482268 -1.30966409390947
1.21115803656767 -1.37944944404549
1.23628594212236 -1.4504755988814
1.26085199031798 -1.52283601755748
1.28494173998011 -1.59663508371355
1.30863668117562 -1.67198950105372
1.33201577084219 -1.74903025809206
1.35515698890705 -1.82790515959058
1.37813896176248 -1.90878196476615
1.40104271481384 -1.99185219317983
1.4239536257439 -2.07733564193578
1.44696365036138 -2.16548555827255
1.47017386666069 -2.25659412299264
1.49369728473743 -2.35099717002837
1.51766158497946 -2.44907530223947
1.5422106876895 -2.55124438336331
1.56750214498319 -2.65791873469921
1.59369288098506 -2.76940952380983
1.62089713066458 -2.88568423001128
1.64909205478296 -3.00589013341697
1.6779719718873 -3.12769970332913
1.70686670928232 -3.24708820007229
1.73334219730743 -3.35320828544062
1.75740413051837 -3.44603160608597
1.77931195317137 -3.52682578047409
1.80046385968706 -3.60085170366199
1.81945484317477 -3.6634924177325
1.83778318541047 -3.72010964987818
1.85533460652664 -3.7704422370095
1.8721019660775 -3.81467638900982
1.8881345115806 -3.85320079349238
1.90350600331114 -3.88646328688776
1.9182966855744 -3.91489745798231
1.93258410076228 -3.93889094774697
1.94643906034919 -3.95877608353704
1.95992440787364 -3.97483124976881
1.97309517626156 -3.98728664954216
1.98599936139315 -3.99633124922248
1.99867890201331 -4.00211943145066
2.01117066424861 -4.00477678204372
2.02350734195811 -4.00440487371044
2.03571824285579 -4.00108510282509
2.04782995911723 -3.99488170602077
2.05986693394604 -3.98584409578782
2.07185194009067 -3.97400864184177
2.083806486808 -3.9594000041147
2.09575117051855 -3.94203210136819
2.10770598255112 -3.92190877971534
2.11969058549598 -3.89902422871413
2.13172456802715 -3.87336317913394
2.14382768670082 -3.84490090562164
2.1560201021922 -3.81360304885897
2.16832261665689 -3.77942526505183
2.18075691832871 -3.74231270554279
2.1933458389996 -3.70219932606167
2.20611362953313 -3.65900702406896
2.21908625783272 -3.61264460480366
2.23229173238329 -3.563006583908
2.24576045205285 -3.50997185018907
2.25952557834383 -3.45340224186775
2.27362341815584 -3.3931411430807
2.28809379075653 -3.3290123001439
2.30298032780951 -3.26081921445282
2.31833061330396 -3.18834573004331
2.33419600127703 -3.11135885498878
2.35063084091548 -3.02961550539989
2.36769068086529 -2.94287578684888
2.3854288265104 -2.85092655188287
2.40389045679699 -2.7536198277234
2.42310358380622 -2.6509299688159
2.44306688862912 -2.54302845307333
2.46373639825661 -2.43036316803842
2.48501591627101 -2.31371116881704
2.50675805198747 -2.19416302640412
2.52878016516893 -2.07301398175886
2.55089195588984 -1.95158493892989
2.57292438308059 -1.83103939732501
2.5947495626409 -1.71226088657574
2.61628757843452 -1.59581478961653
2.63750262092978 -1.4819775420942
2.65839354707305 -1.37079997300508
2.67898327307178 -1.26217663393721
2.69930951838381 -1.15590541740112
2.71941778864067 -1.05173223128711
2.73935654132615 -0.94938142174853
2.75917409522274 -0.848574945562843
2.77891678111811 -0.749043589944358
2.79862790418883 -0.650533005365777
2.8183471971333 -0.552806592343289
2.83811054401612 -0.455646633180285
2.85794983492952 -0.358854558105643
2.87789287122648 -0.26225087443404
2.89796328470919 -0.165675034976598
2.91818046638597 -0.0689853454436824
2.93855952442329 0.027941113837073
2.95911130800456 0.12520866214045
2.97984254350538 0.222903449113497
3.0007561300876 0.321094314706075
3.0218516317612 0.419834218987138
3.04312598160851 0.519162304330103
3.06457438300327 0.61910653335271
3.08619135681384 0.719686701567007
3.10797184910843 0.820917476674
3.1299122868251 0.922810989181985
3.15201145239777 1.02537840407881
3.17427104096431 1.12862983692794
3.19669575945527 1.23257192090019
3.21929281714311 1.33720225990839
3.2420706356642 1.44249990927748
3.26503657537751 1.54841095137737
3.28819345562827 1.65482832310761
3.31153469473963 1.76156561714597
3.33503811532061 1.86832613796464
3.35865899023275 1.97467162945702
3.38232381556636 2.07999983771472
3.4059273523457 2.18354469083838
3.42933589244584 2.28441296493902
3.45239840948853 2.38166188552538
3.47496406394414 2.47440394327326
3.49690116824228 2.56190898409859
3.51811176336168 2.64367255611191
3.53853820332411 2.71943524032203
3.55816175653821 2.78915830179606
3.57699581040113 2.85297355301017
3.59507688935124 2.91112635826275
3.61245594498681 2.96392474537806
3.62919122466856 3.01170042356823
3.64534309214653 3.05478232603418
3.66097063464432 3.09348066307002
3.67612967513038 3.12807869533885
3.69087178495283 3.15882964586171
3.70524395454902 3.18595674024111
3.71928866543037 3.20965496427477
3.73304418538324 3.23009362226746
3.74654497078169 3.24741913985455
3.75982210450061 3.26175779835644
3.77290372813397 3.27321824224464
3.78581544674982 3.28189369435048
3.79858069649769 3.28786386623607
3.81122107251843 3.2911965787779
3.82375661857086 3.29194912059131
3.8362060817911 3.29016937591603
3.84858713683193 3.28589675297903
3.86091658379399 3.27916294102762
3.87321052417179 3.26999252054341
3.88548451867953 3.25840344734896
3.89775373040514 3.24440742777959
3.91003305632111 3.22801019898404
3.92233724978606 3.20921172579993
3.9346810363099 3.18800632353641
3.94707922452351 3.16438271438439
3.95954681397961 3.13832402407526
3.9720991010949 3.10980772485844
3.98475178419815 3.07880553094983
3.99752106823675 3.04528325346206
4.01042376916541 3.00920062369615
4.02347741732426 2.9705110969053
4.03670035811309 2.92916165375034
4.05011184684669 2.88509262439074
4.06373213264899 2.83823757152537
4.07758252335473 2.78852328511765
4.09168541930735 2.73586996485677
4.10606429825087 2.68019169891339
4.12074362574217 2.62139739181879
4.13574865521832 2.55939235262563
4.15110506887549 2.49408082754723
4.16683839543864 2.42536984519792
4.18297312597994 2.35317482382943
4.19953143958046 2.27742743683423
4.21653145733615 2.1980861841152
4.23398498319851 2.11514987321025
4.25189478600342 2.02867364545557
4.27025164768644 1.93878618143827
4.28903164143622 1.8457053282707
4.30819434641215 1.74974798388831
4.32768281468219 1.65132945641974
4.34742591433888 1.55094866556625
4.3673431127805 1.44915886617946
4.38735099906286 1.34652809887898
4.40737024003205 1.243597154979
4.42733155120622 1.14084352701029
4.4471796805478 1.03865734271181
4.46687508923628 0.93733119083641
4.48639362467713 0.837062086652423
4.50572481402849 0.737961817207824
4.52486945349868 0.640071611123207
4.54383703583475 0.543377865154477
4.56264336505268 0.447826816090981
4.58130853210728 0.353337098872796
4.59985529982342 0.259809886412276
4.61830787129465 0.167136754462119
4.63669098107102 0.0752056274435132
4.65502923855674 -0.0160947765065021
4.67334665654479 -0.106871601786619
4.6916663069339 -0.197225266869559
4.71001005583798 -0.287247346258598
4.7283983392165 -0.377018693437702
4.74684994696127 -0.466607620338791
4.76538178805675 -0.556067983594333
4.78400861249718 -0.645437055746696
4.80274266798791 -0.734733086137557
4.82159327235221 -0.823952488720661
4.84056628769517 -0.913066641566239
4.85966349186109 -1.00201835560891
4.87888185893392 -1.09071817801495
4.89821278553703 -1.17904084383512
4.91764133405698 -1.26682237252454
4.9371456048142 -1.35385849683566
4.9566963882327 -1.43990525452944
4.97625727018672 -1.52468258339193
4.99578534957601 -1.60788154406165
5.01523266077476 -1.68917529875091
5.03454827399526 -1.76823324128123
5.05368089751214 -1.84473688142554
5.07258167324189 -1.9183955045501
5.09120679166938 -1.98895950177628
5.10951958195541 -2.05622968144707
5.12749184831245 -2.12006169551731
5.14510438159729 -2.18036565846629
5.16234672293543 -2.23710180893138
5.17921635584721 -2.29027349170849
5.19571754230807 -2.33991880319789
5.21186000608121 -2.38610204355395
5.22765762386996 -2.42890578972985
5.24312723164382 -2.46842406153959
5.25828760418722 -2.5047567685572
5.27315862764987 -2.53800542588826
5.28776065925377 -2.56827000853897
5.30211405375473 -2.59564675983586
5.31623882994956 -2.62022675838504
5.33015444961541 -2.64209506234288
5.34387968344863 -2.66133027601725
5.35743254218867 -2.67800441344923
5.37083025512225 -2.69218296177422
5.38408928197167 -2.70392507152617
5.39722534749643 -2.71328382091268
5.41025349088604 -2.72030651660397
5.4231881242085 -2.72503500530632
5.43604309586726 -2.72750597901897
5.44883175629283 -2.72775126307516
5.46156702403567 -2.72579808043133
5.47426145110778 -2.72166928867487
5.48692728690402 -2.71538358825052
5.4995765403682 -2.70695570174967
5.51222104029197 -2.69639652498349
5.52487249377413 -2.68371325113478
5.53754254294425 -2.66890946967597
5.55024282008035 -2.65198524204804
5.56298500123475 -2.63293715639196
5.57578085842685 -2.61175836397779
5.58864231036671 -2.58843860045059
5.60158147153324 -2.56296419567428
5.61461069923573 -2.53531807688274
5.62774263802351 -2.50547977113643
5.64099026045574 -2.47342541484952
5.65436690277469 -2.43912778054601
5.66788629340844 -2.40255633420535
5.68156257141976 -2.36367734079532
5.69541029096749 -2.32245404112508
5.70944440649902 -2.27884693027939
5.72368023169099 -2.23281417690585
5.7381333630578 -2.1843122337421
5.752819556647 -2.1332967030052
5.76775454341183 -2.07972353520754
5.78295376592008 -2.02355065538348
5.79843201650831 -1.96474012399367
5.81420295571147 -1.9032609461235
5.83027849125553 -1.83909263411614
5.84666800426554 -1.77222959376393
5.86337742344291 -1.70268632732401
5.88040817279994 -1.63050331159811
5.89775605601452 -1.55575320549654
5.91541018912985 -1.47854677618295
5.93335214541229 -1.3990376473765
5.95155551548351 -1.31742475506055
5.96998608923309 -1.23395137077963
5.98860281149517 -1.14889984292105
6.00735954415884 -1.0625818538478
6.02620750429145 -0.975324886080268
6.04509808981209 -0.887456469940278
6.06398570872765 -0.799288331095322
6.08283023142704 -0.711102561132042
6.10159878360342 -0.623141411942901
6.12026674890707 -0.535601484801524
6.13881800153363 -0.448632243768931
6.15724449869329 -0.362338160949876
6.17554541573841 -0.276783490622091
6.1937260094328 -0.191998638369852
6.21179636550311 -0.107987242862202
6.22977014404703 -0.0247333179470779
6.24766339427533 0.0577919657257644
6.26549347571701 0.139624089322228
6.28327809864899 0.220799677854217
6.30103448140353 0.301351683706109
6.31877861445919 0.381305226147103
6.3365246188471 0.460674038193069
6.35428418781314 0.539457480220696
6.37206610474518 0.617638101848786
6.38987583629841 0.69517976418718
6.40771520671275 0.772026368362313
6.42558216664137 0.84810126730551
6.44347067620961 0.923307458911399
6.4613707259528 0.997528661610723
6.47926851901142 1.07063135029483
6.49714683198853 1.14246777637299
6.51498555952834 1.21287991147053
6.5327624297386 1.28170414925045
6.55045385662248 1.34877649217391
6.5680358757939 1.41393786345065
6.58548509556673 1.47703914195066
6.60277959080098 1.53794553398507
6.61989967323864 1.59653997101722
6.63682848825183 1.65272534192385
6.65355241035153 1.70642550735479
6.67006123370093 1.75758517458081
6.68634817479115 1.8061688120431
6.70240971936295 1.8521588420722
6.71824535347604 1.89555336740414
6.73385721988568 1.93636366997575
6.74924973718704 1.97461168093476
6.76442921250602 2.01032757099131
6.77940347066605 2.04354755997954
6.79418151510743 2.07431200023613
6.80877322921895 2.10266375333284
6.82318912153608 2.12864685450902
6.83744011451147 2.15230544293591
6.85153737411251 2.17368292702198
6.86549217609941 2.19282135045356
6.87931580421661 2.20976092482269
6.89301947544878 2.22453969710403
6.90661428775147 2.2371933238383
6.92011118611542 2.24775492792201
6.93352094335736 2.25625501791619
6.94685415257778 2.26272145349722
6.96012122874595 2.26717944394562
6.97333241734015 2.26965156936128
6.98649780837822 2.2701578166188
6.99962735451594 2.26871562397964
7.01273089217461 2.26533992981426
7.02581816488648 2.26004322212094
7.03889884822694 2.25283558651664
7.05198257583875 2.24372475117421
7.06507896615398 2.23271612783887
7.07819764948583 2.21981284861748
7.09134829519963 2.20501579873808
7.10454063868143 2.18832364595825
7.11778450780273 2.16973286779608
7.13108984853213 2.14923777830005
7.1444667492637 2.12683055670212
7.15792546331453 2.10250128105143
7.17147642888345 2.07623797085016
7.18513028555047 2.04802664386103
7.19889788612142 2.01785139368732
7.21279030227216 1.98569449650985
7.22681882200678 1.95153655757534
7.24099493639901 1.91535671074349
7.25533031242229 1.87713288768499
7.26983674788136 1.83684217722299
7.28452610353928 1.79446129981488
7.2994102065109 1.74996722716303
7.31450071792547 1.70333798212591
7.3298089568652 1.65455365888939
7.34534567186919 1.6035977067253
7.36112075118544 1.55045852096381
7.37714286395437 1.49513137957745
7.39341902729853 1.43762074962677
7.4099540997274 1.3779429605218
7.42675021024913 1.31612919608703
7.4438061458071 1.25222869127851
7.46111673713159 1.18631193196045
7.47867230345606 1.11847355400204
7.49645823636634 1.04883453796759
7.51445481651354 0.97754322671159
7.53263735649423 0.904774692972901
7.55097674181975 0.83072808847857
7.56944039650531 0.755621831523125
7.58799363491332 0.679686815378305
7.60660129034078 0.603158179866175
7.62522945238824 0.526266487957255
7.64384711705082 0.449229298087688
7.66242756457309 0.372244073903922
7.68094932663739 0.295483142674911
7.69939667215542 0.219091072037771
7.71775961156428 0.14318447438886
7.73603347778721 0.0678539480630381
7.75421817957483 -0.00683233128527229
7.77231723868833 -0.0808239397125224
7.79033672019994 -0.15408301623315
7.80828415107276 -0.226579046917339
7.82616750208828 -0.298284009528195
7.84399428683752 -0.369168156038822
7.86177081201196 -0.439196608681021
7.8795015972448 -0.508326860326188
7.89718897065391 -0.576507203892002
7.91483283755647 -0.643676065810987
7.93243061361624 -0.709762181028028
7.94997730890479 -0.774685517002629
7.96746574516487 -0.838358828571773
7.98488688452641 -0.900689703182613
8.00223024408215 -0.961582938004897
8.0194843675277 -1.02094307939696
8.03663732317237 -1.07867695416379
8.05367719766756 -1.13469603320139
8.07059255714661 -1.18891849179643
8.08737285207927 -1.24127086507628
8.10400874853109 -1.29168923790252
8.12049237587754 -1.34011995075222
8.13681748841095 -1.38651984173203
8.15297954483371 -1.4308560757754
8.16897571472664 -1.47310563295052
8.18480482441183 -1.51325453817977
8.20046725619364 -1.55129691562956
8.21596481500098 -1.58723394467606
8.23130057534361 -1.62107278320153
8.24647871965147 -1.65282551044366
8.26150437687294 -1.68250812769834
8.27638346797004 -1.7101396422822
8.29112256287959 -1.73574124914111
8.30572875173311 -1.75933561570769
8.32020953169793 -1.78094626907242
8.33457270971732 -1.80059708002463
8.34882632065663 -1.81831183570901
8.36297855985681 -1.83411389116653
8.37703772880189 -1.84802588953627
8.39101219247127 -1.86006954088563
8.4049103469259 -1.87026545026486
8.41874059573193 -1.8786329864612
8.4325113339264 -1.88519018392133
8.44623093835627 -1.8899536713258
8.45990776335754 -1.89293862127599
8.47355014087586 -1.89415871645818
8.48716638425616 -1.89362612846489
8.50076479504298 -1.89135150617649
8.5143536722324 -1.88734397124036
8.5279413235008 -1.88161111873977
8.54153607800345 -1.87415902163295
8.55514630038885 -1.86499223797743
8.56878040571137 -1.85411382035089
8.58244687494658 -1.84152532725308
8.5961542708187 -1.82722683663819
8.60991125363864 -1.81121696210185
8.62372659682179 -1.79349287264739
8.63760920170474 -1.77405031740246
8.65156811120752 -1.75288365717009
8.66561252178796 -1.72998590530247
8.67975179300286 -1.70534878110691
8.69399545382072 -1.67896277986416
8.70835320461607 -1.65081726459133
8.72283491350717 -1.62090058595426
8.73745060536968 -1.58920023826273
8.7522104414589 -1.55570306130307
8.76712468709792 -1.5203954998992
8.78220366433462 -1.48326393554877
8.79745768584481 -1.44429510721731
8.81289696568259 -1.40347664128204
8.82853150179877 -1.36079771347957
8.84437092464739 -1.31624986813633
8.86042430581856 -1.26982802131125
8.87669992068759 -1.22153167377831
8.89320495986868 -1.17136635562154
8.90994518622863 -1.11934531472029
8.92692453787429 -1.06549144425737
8.94414468344563 -1.00983941710474
8.96160454469575 -0.952437955500877
8.97929981285481 -0.893352112361987
8.99722249907405 -0.832665378609336
9.01536057360041 -0.770481366931974
9.03369776002216 -0.706924770933188
9.05221355530997 -0.642141280398462
9.07088353821737 -0.576296171773431
9.08968000384059 -0.509571405694455
9.10857292032963 -0.442161252090581
9.12753115013503 -0.374266703960515
9.14652382397716 -0.306089182804526
9.16552171556418 -0.237824216248324
9.18449845205113 -0.169655823455625
9.20343141556424 -0.101752249634659
9.22230224119599 -0.0342634649644259
9.24109688419475 0.0326794570916071
9.25980529669505 0.0989632656730842
9.27842080678936 0.164490174551766
9.29693932071998 0.229174750479161
9.31535847113161 0.2929405820085
9.33367681601865 0.355717177723105
9.35189316301866 0.417437407868164
9.37000606083729 0.478035657482918
9.38801347030769 0.537446730412944
9.40591260528951 0.595605446665633
9.4236999190889 0.652446813727754
9.44137120448531 0.707906621896994
9.45892177324227 0.761922307529937
9.47634668254462 0.81443393911245
9.49364097976292 0.865385202832444
9.51079994222321 0.914724291747326
9.52781929445507 0.962404631740071
9.54469539111696 1.0083854053089
9.56142535903277 1.05263185876416
9.57800719623452 1.09511539831913
9.59443982943372 1.1358134952684
9.6107231338891 1.17470942996749
9.62685792124623 1.21179190915275
9.64284590170993 1.2470545920831
9.65868962703068 1.28049555900886
9.67439242041666 1.31211675155228
9.68995829879175 1.34192340959587
9.70539189195462 1.36992352393317
9.72069836227334 1.39612731876815
9.73588332765858 1.42054677349963
9.75095278975355 1.44319518928307
9.765913068589 1.46408680269038
9.7807707443897 1.48323644636876
9.79553260678038 1.50065925485875
9.81020561131379 1.51637041256774
9.82479684301534 1.53038494019867
9.83931348649025 1.54271751559929
9.85376280205323 1.55338232492911
9.8681521073027 1.56239294016147
9.88248876355784 1.56976221918088
9.89678016659617 1.57550222505323
9.911033741165 1.579624161401
9.92525693878279 1.58213832118183
9.93945723839395 1.58305404652982
9.95364214948745 1.58237969766381
9.96781921733396 1.58012262919112
9.98199603003667 1.57628917243611
9.99618022712528 1.57088462270291
10 1.56916275998274
0 0
0.125 -0.061420949694826
0.247249551951749 -0.124280012053406
0.349964406374387 -0.182643934094822
0.434845154684409 -0.236836284035384
0.510334448450065 -0.291057441022828
0.576679430418972 -0.34453225115081
0.635501258522084 -0.397363050185816
0.688390035922154 -0.449887627844438
0.736589016605369 -0.502437924891363
0.783185919662226 -0.557967677177119
0.825240074314503 -0.61249045662631
0.865877659859077 -0.66950917683161
0.904786832721909 -0.728429583491222
0.941875734977947 -0.788839771525627
0.977182439003991 -0.850470891246068
1.01081440323291 -0.913160586787724
1.04291070544727 -0.976822869773393
1.07361998766763 -1.04142516901057
1.10308849228633 -1.10697182691564
1.13145424674201 -1.17349279350926
1.15884482672175 -1.24103625078175
1.18537710482268 -1.30966409390947
1.21115803656767 -1.37944944404549
1.23628594212236 -1.4504755988814
1.26085199031798 -1.52283601755748
1.28494173998011 -1.59663508371355
1.30863668117562 -1.67198950105372
1.33201577084219 -1.74903025809206
1.35515698890705 -1.82790515959058
1.37813896176248 -1.90878196476615
1.40104271481384 -1.99185219317983
1.4239536257439 -2.07733564193578
1.44696365036138 -2.16548555827255
1.47017386666069 -2.25659412299264
1.49369728473743 -2.35099717002837
1.51766158497946 -2.44907530223947
1.5422106876895 -2.55124438336331
1.56750214498319 -2.65791873469921
1.59369288098506 -2.76940952380983
1.62089713066458 -2.88568423001128
1.64909205478296 -3.00589013341697
1.6779719718873 -3.12769970332913
1.70686670928232 -3.24708820007229
1.73334219730743 -3.35320828544062
1.75740413051837 -3.44603160608597
1.77931195317137 -3.52682578047409
1.80046385968706 -3.60085170366199
1.81945484317477 -3.6634924177325
1.83778318541047 -3.72010964987818
1.85533460652664 -3.7704422370095
1.8721019660775 -3.81467638900982
1.8881345115806 -3.85320079349238
1.90350600331114 -3.88646328688776
1.9182966855744 -3.91489745798231
1.93258410076228 -3.93889094774697
1.94643906034919 -3.95877608353704
1.95992440787364 -3.97483124976881
1.97309517626156 -3.98728664954216
1.98599936139315 -3.99633124922248
1.99867890201331 -4.00211943145066
2.01117066424861 -4.00477678204372
2.02350734195811 -4.00440487371044
2.03571824285579 -4.00108510282509
2.04782995911723 -3.99488170602077
2.05986693394604 -3.98584409578782
2.07185194009067 -3.97400864184177
2.083806486808 -3.9594000041147
2.09575117051855 -3.94203210136819
2.10770598255112 -3.92190877971534
2.11969058549598 -3.89902422871413
2.13172456802715 -3.87336317913394
2.14382768670082 -3.84490090562164
2.1560201021922 -3.81360304885897
2.16832261665689 -3.77942526505183
2.18075691832871 -3.74231270554279
2.1933458389996 -3.70219932606167
2.20611362953313 -3.65900702406896
2.21908625783272 -3.61264460480366
2.23229173238329 -3.563006583908
2.24576045205285 -3.50997185018907
2.25952557834383 -3.45340224186775
2.27362341815584 -3.3931411430807
2.28809379075653 -3.3290123001439
2.30298032780951 -3.26081921445282
2.31833061330396 -3.18834573004331
2.33419600127703 -3.11135885498878
2.35063084091548 -3.02961550539989
2.36769068086529 -2.94287578684888
2.3854288265104 -2.85092655188287
2.40389045679699 -2.7536198277234
2.42310358380622 -2.6509299688159
2.44306688862912 -2.54302845307333
2.46373639825661 -2.43036316803842
2.48501591627101 -2.31371116881704
2.50675805198747 -2.19416302640412
2.52878016516893 -2.07301398175886
2.55089195588984 -1.95158493892989
2.57292438308059 -1.83103939732501
2.5947495626409 -1.71226088657574
2.61628757843452 -1.59581478961653
2.63750262092978 -1.4819775420942
2.65839354707305 -1.37079997300508
2.67898327307178 -1.26217663393721
2.69930951838381 -1.15590541740112
2.71941778864067 -1.05173223128711
2.73935654132615 -0.94938142174853
2.75917409522274 -0.848574945562843
2.77891678111811 -0.749043589944358
2.79862790418883 -0.650533005365777
2.8183471971333 -0.552806592343289
2.83811054401612 -0.455646633180285
2.85794983492952 -0.358854558105643
2.87789287122648 -0.26225087443404
2.89796328470919 -0.165675034976598
2.91818046638597 -0.0689853454436824
2.93855952442329 0.027941113837073
2.95911130800456 0.12520866214045
2.97984254350538 0.222903449113497
3.0007561300876 0.321094314706075
3.0218516317612 0.419834218987138
3.04312598160851 0.519162304330103
3.06457438300327 0.61910653335271
3.08619135681384 0.719686701567007
3.10797184910843 0.820917476674
3.1299122868251 0.922810989181985
3.15201145239777 1.02537840407881
3.17427104096431 1.12862983692794
3.19669575945527 1.23257192090019
3.21929281714311 1.33720225990839
3.2420706356642 1.44249990927748
3.26503657537751 1.54841095137737
3.28819345562827 1.65482832310761
3.31153469473963 1.76156561714597
3.33503811532061 1.86832613796464
3.35865899023275 1.97467162945702
3.38232381556636 2.07999983771472
3.4059273523457 2.18354469083838
3.42933589244584 2.28441296493902
3.45239840948853 2.38166188552538
3.47496406394414 2.47440394327326
3.49690116824228 2.56190898409859
3.51811176336168 2.64367255611191
3.53853820332411 2.71943524032203
3.55816175653821 2.78915830179606
3.57699581040113 2.85297355301017
3.59507688935124 2.91112635826275
3.61245594498681 2.96392474537806
3.62919122466856 3.01170042356823
3.64534309214653 3.05478232603418
3.66097063464432 3.09348066307002
3.67612967513038 3.12807869533885
3.69087178495283 3.15882964586171
3.70524395454902 3.18595674024111
3.71928866543037 3.20965496427477
3.73304418538324 3.23009362226746
3.74654497078169 3.24741913985455
3.75982210450061 3.26175779835644
3.77290372813397 3.27321824224464
3.78581544674982 3.28189369435048
3.79858069649769 3.28786386623607
3.81122107251843 3.2911965787779
3.82375661857086 3.29194912059131
3.8362060817911 3.29016937591603
3.84858713683193 3.28589675297903
3.86091658379399 3.27916294102762
3.87321052417179 3.26999252054341
3.88548451867953 3.25840344734896
3.89775373040514 3.24440742777959
3.91003305632111 3.22801019898404
3.92233724978606 3.20921172579993
3.9346810363099 3.18800632353641
3.94707922452351 3.16438271438439
3.95954681397961 3.13832402407526
3.9720991010949 3.10980772485844
3.98475178419815 3.07880553094983
3.99752106823675 3.04528325346206
4.01042376916541 3.00920062369615
4.02347741732426 2.9705110969053
4.03670035811309 2.92916165375034
4.05011184684669 2.88509262439074
4.06373213264899 2.83823757152537
4.07758252335473 2.78852328511765
4.09168541930735 2.73586996485677
4.10606429825087 2.68019169891339
4.12074362574217 2.62139739181879
4.13574865521832 2.55939235262563
4.15110506887549 2.49408082754723
4.16683839543864 2.42536984519792
4.18297312597994 2.35317482382943
4.19953143958046 2.27742743683423
4.21653145733615 2.1980861841152
4.23398498319851 2.11514987321025
4.25189478600342 2.02867364545557
4.27025164768644 1.93878618143827
4.28903164143622 1.8457053282707
4.30819434641215 1.74974798388831
4.32768281468219 1.65132945641974
4.34742591433888 1.55094866556625
4.3673431127805 1.44915886617946
4.38735099906286 1.34652809887898
4.40737024003205 1.243597154979
4.42733155120622 1.14084352701029
4.4471796805478 1.03865734271181
4.46687508923628 0.93733119083641
4.48639362467713 0.837062086652423
4.50572481402849 0.737961817207824
4.52486945349868 0.640071611123207
4.54383703583475 0.543377865154477
4.56264336505268 0.447826816090981
4.58130853210728 0.353337098872796
4.59985529982342 0.259809886412276
4.61830787129465 0.167136754462119
4.63669098107102 0.0752056274435132
4.65502923855674 -0.0160947765065021
4.67334665654479 -0.106871601786619
4.6916663069339 -0.197225266869559
4.71001005583798 -0.287247346258598
4.7283983392165 -0.377018693437702
4.74684994696127 -0.466607620338791
4.76538178805675 -0.556067983594333
4.78400861249718 -0.645437055746696
4.80274266798791 -0.734733086137557
4.82159327235221 -0.823952488720661
4.84056628769517 -0.913066641566239
4.85966349186109 -1.00201835560891
4.87888185893392 -1.09071817801495
4.89821278553703 -1.17904084383512
4.91764133405698 -1.26682237252454
4.9371456048142 -1.35385849683566
4.9566963882327 -1.43990525452944
4.97625727018672 -1.52468258339193
4.99578534957601 -1.60788154406165
5.01523266077476 -1.68917529875091
5.03454827399526 -1.76823324128123
5.05368089751214 -1.84473688142554
5.07258167324189 -1.9183955045501
5.09120679166938 -1.98895950177628
5.10951958195541 -2.05622968144707
5.12749184831245 -2.12006169551731
5.14510438159729 -2.18036565846629
5.16234672293543 -2.23710180893138
5.17921635584721 -2.29027349170849
5.19571754230807 -2.33991880319789
5.21186000608121 -2.38610204355395
5.22765762386996 -2.42890578972985
5.24312723164382 -2.46842406153959
5.25828760418722 -2.5047567685572
5.27315862764987 -2.53800542588826
5.28776065925377 -2.56827000853897
5.30211405375473 -2.59564675983586
5.31623882994956 -2.62022675838504
5.33015444961541 -2.64209506234288
5.34387968344863 -2.66133027601725
5.35743254218867 -2.67800441344923
5.37083025512225 -2.69218296177422
5.38408928197167 -2.70392507152617
5.39722534749643 -2.71328382091268
5.41025349088604 -2.72030651660397
5.4231881242085 -2.72503500530632
5.43604309586726 -2.72750597901897
5.44883175629283 -2.72775126307516
5.46156702403567 -2.72579808043133
5.47426145110778 -2.72166928867487
5.48692728690402 -2.71538358825052
5.4995765403682 -2.70695570174967
5.51222104029197 -2.69639652498349
5.52487249377413 -2.68371325113478
5.53754254294425 -2.66890946967597
5.55024282008035 -2.65198524204804
5.56298500123475 -2.63293715639196
5.57578085842685 -2.61175836397779
5.58864231036671 -2.58843860045059
5.60158147153324 -2.56296419567428
5.61461069923573 -2.53531807688274
5.62774263802351 -2.50547977113643
5.64099026045574 -2.47342541484952
5.65436690277469 -2.43912778054601
5.66788629340844 -2.40255633420535
5.68156257141976 -2.36367734079532
5.69541029096749 -2.32245404112508
5.70944440649902 -2.27884693027939
5.72368023169099 -2.23281417690585
5.7381333630578 -2.1843122337421
5.752819556647 -2.1332967030052
5.76775454341183 -2.07972353520754
5.78295376592008 -2.02355065538348
5.79843201650831 -1.96474012399367
5.81420295571147 -1.9032609461235
5.83027849125553 -1.83909263411614
5.84666800426554 -1.77222959376393
5.86337742344291 -1.70268632732401
5.88040817279994 -1.63050331159811
5.89775605601452 -1.55575320549654
5.91541018912985 -1.47854677618295
5.93335214541229 -1.3990376473765
5.95155551548351 -1.31742475506055
5.96998608923309 -1.23395137077963
5.98860281149517 -1.14889984292105
6.00735954415884 -1.0625818538478
6.02620750429145 -0.975324886080268
6.04509808981209 -0.887456469940278
6.06398570872765 -0.799288331095322
6.08283023142704 -0.711102561132042
6.10159878360342 -0.623141411942901
6.12026674890707 -0.535601484801524
6.13881800153363 -0.448632243768931
6.15724449869329 -0.362338160949876
6.17554541573841 -0.276783490622091
6.1937260094328 -0.191998638369852
6.21179636550311 -0.107987242862202
6.22977014404703 -0.0247333179470779
6.24766339427533 0.0577919657257644
6.26549347571701 0.139624089322228
6.28327809864899 0.220799677854217
6.30103448140353 0.301351683706109
6.31877861445919 0.381305226147103
6.3365246188471 0.460674038193069
6.35428418781314 0.539457480220696
6.37206610474518 0.617638101848786
6.38987583629841 0.69517976418718
6.40771520671275 0.772026368362313
6.42558216664137 0.84810126730551
6.44347067620961 0.923307458911399
6.4613707259528 0.997528661610723
6.47926851901142 1.07063135029483
6.49714683198853 1.14246777637299
6.51498555952834 1.21287991147053
6.5327624297386 1.28170414925045
6.55045385662248 1.34877649217391
6.5680358757939 1.41393786345065
6.58548509556673 1.47703914195066
6.60277959080098 1.53794553398507
6.61989967323864 1.59653997101722
6.63682848825183 1.65272534192385
6.65355241035153 1.70642550735479
6.67006123370093 1.75758517458081
6.68634817479115 1.8061688120431
6.70240971936295 1.8521588420722
6.71824535347604 1.89555336740414
6.73385721988568 1.93636366997575
6.74924973718704 1.97461168093476
6.76442921250602 2.01032757099131
6.77940347066605 2.04354755997954
6.79418151510743 2.07431200023613
6.80877322921895 2.10266375333284
6.82318912153608 2.12864685450902
6.83744011451147 2.15230544293591
6.85153737411251 2.17368292702198
6.86549217609941 2.19282135045356
6.87931580421661 2.20976092482269
6.89301947544878 2.22453969710403
6.90661428775147 2.2371933238383
6.92011118611542 2.24775492792201
6.93352094335736 2.25625501791619
6.94685415257778 2.26272145349722
6.96012122874595 2.26717944394562
6.97333241734015 2.26965156936128
6.98649780837822 2.2701578166188
6.99962735451594 2.26871562397964
7.01273089217461 2.26533992981426
7.02581816488648 2.26004322212094
7.03889884822694 2.25283558651664
7.05198257583875 2.24372475117421
7.06507896615398 2.23271612783887
7.07819764948583 2.21981284861748
7.09134829519963 2.20501579873808
7.10454063868143 2.18832364595825
7.11778450780273 2.16973286779608
7.13108984853213 2.14923777830005
7.1444667492637 2.12683055670212
7.15792546331453 2.10250128105143
7.17147642888345 2.07623797085016
7.18513028555047 2.04802664386103
7.19889788612142 2.01785139368732
7.21279030227216 1.98569449650985
7.22681882200678 1.95153655757534
7.24099493639901 1.91535671074349
7.25533031242229 1.87713288768499
7.26983674788136 1.83684217722299
7.28452610353928 1.79446129981488
7.2994102065109 1.74996722716303
7.31450071792547 1.70333798212591
7.3298089568652 1.65455365888939
7.34534567186919 1.6035977067253
7.36112075118544 1.55045852096381
7.37714286395437 1.49513137957745
7.39341902729853 1.43762074962677
7.4099540997274 1.3779429605218
7.42675021024913 1.31612919608703
7.4438061458071 1.25222869127851
7.46111673713159 1.18631193196045
7.47867230345606 1.11847355400204
7.49645823636634 1.04883453796759
7.51445481651354 0.97754322671159
7.53263735649423 0.904774692972901
7.55097674181975 0.83072808847857
7.56944039650531 0.755621831523125
7.58799363491332 0.679686815378305
7.60660129034078 0.603158179866175
7.62522945238824 0.526266487957255
7.64384711705082 0.449229298087688
7.66242756457309 0.372244073903922
7.68094932663739 0.295483142674911
7.69939667215542 0.219091072037771
7.71775961156428 0.14318447438886
7.73603347778721 0.0678539480630381
7.75421817957483 -0.00683233128527229
7.77231723868833 -0.0808239397125224
7.79033672019994 -0.15408301623315
7.80828415107276 -0.226579046917339
7.82616750208828 -0.298284009528195
7.84399428683752 -0.369168156038822
7.86177081201196 -0.439196608681021
7.8795015972448 -0.508326860326188
7.89718897065391 -0.576507203892002
7.91483283755647 -0.643676065810987
7.93243061361624 -0.709762181028028
7.94997730890479 -0.774685517002629
7.96746574516487 -0.838358828571773
7.98488688452641 -0.900689703182613
8.00223024408215 -0.961582938004897
8.0194843675277 -1.02094307939696
8.03663732317237 -1.07867695416379
8.05367719766756 -1.13469603320139
8.07059255714661 -1.18891849179643
8.08737285207927 -1.24127086507628
8.10400874853109 -1.29168923790252
8.12049237587754 -1.34011995075222
8.13681748841095 -1.38651984173203
8.15297954483371 -1.4308560757754
8.16897571472664 -1.47310563295052
8.18480482441183 -1.51325453817977
8.20046725619364 -1.55129691562956
8.21596481500098 -1.58723394467606
8.23130057534361 -1.62107278320153
8.24647871965147 -1.65282551044366
8.26150437687294 -1.68250812769834
8.27638346797004 -1.7101396422822
8.29112256287959 -1.73574124914111
8.30572875173311 -1.75933561570769
8.32020953169793 -1.78094626907242
8.33457270971732 -1.80059708002463
8.34882632065663 -1.81831183570901
8.36297855985681 -1.83411389116653
8.37703772880189 -1.84802588953627
8.39101219247127 -1.86006954088563
8.4049103469259 -1.87026545026486
8.41874059573193 -1.8786329864612
8.4325113339264 -1.88519018392133
8.44623093835627 -1.8899536713258
8.45990776335754 -1.89293862127599
8.47355014087586 -1.89415871645818
8.48716638425616 -1.89362612846489
8.50076479504298 -1.89135150617649
8.5143536722324 -1.88734397124036
8.5279413235008 -1.88161111873977
8.54153607800345 -1.87415902163295
8.55514630038885 -1.86499223797743
8.56878040571137 -1.85411382035089
8.58244687494658 -1.84152532725308
8.5961542708187 -1.82722683663819
8.60991125363864 -1.81121696210185
8.62372659682179 -1.79349287264739
8.63760920170474 -1.77405031740246
8.65156811120752 -1.75288365717009
8.66561252178796 -1.72998590530247
8.67975179300286 -1.70534878110691
8.69399545382072 -1.67896277986416
8.70835320461607 -1.65081726459133
8.72283491350717 -1.62090058595426
8.73745060536968 -1.58920023826273
8.7522104414589 -1.55570306130307
8.76712468709792 -1.5203954998992
8.78220366433462 -1.48326393554877
8.79745768584481 -1.44429510721731
8.81289696568259 -1.40347664128204
8.82853150179877 -1.36079771347957
8.84437092464739 -1.31624986813633
8.86042430581856 -1.26982802131125
8.87669992068759 -1.22153167377831
8.89320495986868 -1.17136635562154
8.90994518622863 -1.11934531472029
8.92692453787429 -1.06549144425737
8.94414468344563 -1.00983941710474
8.96160454469575 -0.952437955500877
8.97929981285481 -0.893352112361987
8.99722249907405 -0.832665378609336
9.01536057360041 -0.770481366931974
9.03369776002216 -0.706924770933188
9.05221355530997 -0.642141280398462
9.07088353821737 -0.576296171773431
9.08968000384059 -0.509571405694455
9.10857292032963 -0.442161252090581
9.12753115013503 -0.374266703960515
9.14652382397716 -0.306089182804526
9.16552171556418 -0.237824216248324
9.18449845205113 -0.169655823455625
9.20343141556424 -0.101752249634659
9.22230224119599 -0.0342634649644259
9.24109688419475 0.0326794570916071
9.25980529669505 0.0989632656730842
9.27842080678936 0.164490174551766
9.29693932071998 0.229174750479161
9.31535847113161 0.2929405820085
9.33367681601865 0.355717177723105
9.35189316301866 0.417437407868164
9.37000606083729 0.478035657482918
9.38801347030769 0.537446730412944
9.40591260528951 0.595605446665633
9.4236999190889 0.652446813727754
9.44137120448531 0.707906621896994
9.45892177324227 0.761922307529937
9.47634668254462 0.81443393911245
9.49364097976292 0.865385202832444
9.51079994222321 0.914724291747326
9.52781929445507 0.962404631740071
9.54469539111696 1.0083854053089
9.56142535903277 1.05263185876416
9.57800719623452 1.09511539831913
9.59443982943372 1.1358134952684
9.6107231338891 1.17470942996749
9.62685792124623 1.21179190915275
9.64284590170993 1.2470545920831
9.65868962703068 1.28049555900886
9.67439242041666 1.31211675155228
9.68995829879175 1.34192340959587
9.70539189195462 1.36992352393317
9.72069836227334 1.39612731876815
9.73588332765858 1.42054677349963
9.75095278975355 1.44319518928307
9.765913068589 1.46408680269038
9.7807707443897 1.48323644636876
9.79553260678038 1.50065925485875
9.81020561131379 1.51637041256774
9.82479684301534 1.53038494019867
9.83931348649025 1.54271751559929
9.85376280205323 1.55338232492911
9.8681521073027 1.56239294016147
9.88248876355784 1.56976221918088
9.89678016659617 1.57550222505323
9.911033741165 1.579624161401
9.92525693878279 1.58213832118183
9.93945723839395 1.58305404652982
9.95364214948745 1.58237969766381
9.96781921733396 1.58012262919112
9.98199603003667 1.57628917243611
9.99618022712528 1.57088462270291
10 1.56916275998274
0 0
0.125 -0.061420949694826
0.247249551951749 -0.124280012053406
0.349964406374387 -0.182643934094822
0.434845154684409 -0.236836284035384
0.510334448450065 -0.291057441022828
0.576679430418972 -0.34453225115081
0.635501258522084 -0.397363050185816
0.688390035922154 -0.449887627844438
0.736589016605369 -0.502437924891363
0.783185919662226 -0.557967677177119
0.825240074314503 -0.61249045662631
0.865877659859077 -0.66950917683161
0.904786832721909 -0.728429583491222
0.941875734977947 -0.788839771525627
0.977182439003991 -0.850470891246068
1.01081440323291 -0.913160586787724
1.04291070544727 -0.976822869773393
1.07361998766763 -1.04142516901057
1.10308849228633 -1.10697182691564
1.13145424674201 -1.17349279350926
1.15884482672175 -1.24103625078175
1.18537710482268 -1.30966409390947
1.21115803656767 -1.37944944404549
1.23628594212236 -1.4504755988814
1.26085199031798 -1.52283601755748
1.28494173998011 -1.59663508371355
1.30863668117562 -1.67198950105372
1.33201577084219 -1.74903025809206
1.35515698890705 -1.82790515959058
1.37813896176248 -1.90878196476615
1.40104271481384 -1.99185219317983
1.4239536257439 -2.07733564193578
1.44696365036138 -2.16548555827255
1.47017386666069 -2.25659412299264
1.49369728473743 -2.35099717002837
1.51766158497946 -2.44907530223947
1.5422106876895 -2.55124438336331
1.56750214498319 -2.65791873469921
1.59369288098506 -2.76940952380983
1.62089713066458 -2.88568423001128
1.64909205478296 -3.00589013341697
1.6779719718873 -3.12769970332913
1.70686670928232 -3.24708820007229
1.73334219730743 -3.35320828544062
1.75740413051837 -3.44603160608597
1.77931195317137 -3.52682578047409
1.80046385968706 -3.60085170366199
1.81945484317477 -3.6634924177325
1.83778318541047 -3.72010964987818
1.85533460652664 -3.7704422370095
1.8721019660775 -3.81467638900982
1.8881345115806 -3.85320079349238
1.90350600331114 -3.88646328688776
1.9182966855744 -3.91489745798231
1.93258410076228 -3.93889094774697
1.94643906034919 -3.95877608353704
1.95992440787364 -3.97483124976881
1.97309517626156 -3.98728664954216
1.98599936139315 -3.99633124922248
1.99867890201331 -4.00211943145066
2.01117066424861 -4.00477678204372
2.02350734195811 -4.00440487371044
2.03571824285579 -4.00108510282509
2.04782995911723 -3.99488170602077
2.05986693394604 -3.98584409578782
2.07185194009067 -3.97400864184177
2.083806486808 -3.9594000041147
2.09575117051855 -3.94203210136819
2.10770598255112 -3.92190877971534
2.11969058549598 -3.89902422871413
2.13172456802715 -3.87336317913394
2.14382768670082 -3.84490090562164
2.1560201021922 -3.81360304885897
2.16832261665689 -3.77942526505183
2.18075691832871 -3.74231270554279
2.1933458389996 -3.70219932606167
2.20611362953313 -3.65900702406896
2.21908625783272 -3.61264460480366
2.23229173238329 -3.563006583908
2.24576045205285 -3.50997185018907
2.25952557834383 -3.45340224186775
2.27362341815584 -3.3931411430807
2.28809379075653 -3.3290123001439
2.30298032780951 -3.26081921445282
2.31833061330396 -3.18834573004331
2.33419600127703 -3.11135885498878
2.35063084091548 -3.02961550539989
2.36769068086529 -2.94287578684888
2.3854288265104 -2.85092655188287
2.40389045679699 -2.7536198277234
2.42310358380622 -2.6509299688159
2.44306688862912 -2.54302845307333
2.46373639825661 -2.43036316803842
2.48501591627101 -2.31371116881704
2.50675805198747 -2.19416302640412
2.52878016516893 -2.07301398175886
2.55089195588984 -1.95158493892989
2.57292438308059 -1.83103939732501
2.5947495626409 -1.71226088657574
2.61628757843452 -1.59581478961653
2.63750262092978 -1.4819775420942
2.65839354707305 -1.37079997300508
2.67898327307178 -1.26217663393721
2.69930951838381 -1.15590541740112
2.71941778864067 -1.05173223128711
2.73935654132615 -0.94938142174853
2.75917409522274 -0.848574945562843
2.77891678111811 -0.749043589944358
2.79862790418883 -0.650533005365777
2.8183471971333 -0.552806592343289
2.83811054401612 -0.455646633180285
2.85794983492952 -0.358854558105643
2.87789287122648 -0.26225087443404
2.89796328470919 -0.165675034976598
2.91818046638597 -0.0689853454436824
2.93855952442329 0.027941113837073
2.95911130800456 0.12520866214045
2.97984254350538 0.222903449113497
3.0007561300876 0.321094314706075
3.0218516317612 0.419834218987138
3.04312598160851 0.519162304330103
3.06457438300327 0.61910653335271
3.08619135681384 0.719686701567007
3.10797184910843 0.820917476674
3.1299122868251 0.922810989181985
3.15201145239777 1.02537840407881
3.17427104096431 1.12862983692794
3.19669575945527 1.23257192090019
3.21929281714311 1.33720225990839
3.2420706356642 1.44249990927748
3.26503657537751 1.54841095137737
3.28819345562827 1.65482832310761
3.31153469473963 1.76156561714597
3.33503811532061 1.86832613796464
3.35865899023275 1.97467162945702
3.38232381556636 2.07999983771472
3.4059273523457 2.18354469083838
3.42933589244584 2.28441296493902
3.45239840948853 2.38166188552538
3.47496406394414 2.47440394327326
3.49690116824228 2.56190898409859
3.51811176336168 2.64367255611191
3.53853820332411 2.71943524032203
3.55816175653821 2.78915830179606
3.57699581040113 2.85297355301017
3.59507688935124 2.91112635826275
3.61245594498681 2.96392474537806
3.62919122466856 3.01170042356823
3.64534309214653 3.05478232603418
3.66097063464432 3.09348066307002
3.67612967513038 3.12807869533885
3.69087178495283 3.15882964586171
3.70524395454902 3.18595674024111
3.71928866543037 3.20965496427477
3.73304418538324 3.23009362226746
3.74654497078169 3.24741913985455
3.75982210450061 3.26175779835644
3.77290372813397 3.27321824224464
3.78581544674982 3.28189369435048
3.79858069649769 3.28786386623607
3.81122107251843 3.2911965787779
3.82375661857086 3.29194912059131
3.8362060817911 3.29016937591603
3.84858713683193 3.28589675297903
3.86091658379399 3.27916294102762
3.87321052417179 3.26999252054341
3.88548451867953 3.25840344734896
3.89775373040514 3.24440742777959
3.91003305632111 3.22801019898404
3.92233724978606 3.20921172579993
3.9346810363099 3.18800632353641
3.94707922452351 3.16438271438439
3.95954681397961 3.13832402407526
3.9720991010949 3.10980772485844
3.98475178419815 3.07880553094983
3.99752106823675 3.04528325346206
4.01042376916541 3.00920062369615
4.02347741732426 2.9705110969053
4.03670035811309 2.92916165375034
4.05011184684669 2.88509262439074
4.06373213264899 2.83823757152537
4.07758252335473 2.78852328511765
4.09168541930735 2.73586996485677
4.10606429825087 2.68019169891339
4.12074362574217 2.62139739181879
4.13574865521832 2.55939235262563
4.15110506887549 2.49408082754723
4.16683839543864 2.42536984519792
4.18297312597994 2.35317482382943
4.19953143958046 2.27742743683423
4.21653145733615 2.1980861841152
4.23398498319851 2.11514987321025
4.25189478600342 2.02867364545557
4.27025164768644 1.93878618143827
4.28903164143622 1.8457053282707
4.30819434641215 1.74974798388831
4.32768281468219 1.65132945641974
4.34742591433888 1.55094866556625
4.3673431127805 1.44915886617946
4.38735099906286 1.34652809887898
4.40737024003205 1.243597154979
4.42733155120622 1.14084352701029
4.4471796805478 1.03865734271181
4.46687508923628 0.93733119083641
4.48639362467713 0.837062086652423
4.50572481402849 0.737961817207824
4.52486945349868 0.640071611123207
4.54383703583475 0.543377865154477
4.56264336505268 0.447826816090981
4.58130853210728 0.353337098872796
4.59985529982342 0.259809886412276
4.61830787129465 0.167136754462119
4.63669098107102 0.0752056274435132
4.65502923855674 -0.0160947765065021
4.67334665654479 -0.106871601786619
4.6916663069339 -0.197225266869559
4.71001005583798 -0.287247346258598
4.7283983392165 -0.377018693437702
4.74684994696127 -0.466607620338791
4.76538178805675 -0.556067983594333
4.78400861249718 -0.645437055746696
4.80274266798791 -0.734733086137557
4.82159327235221 -0.823952488720661
4.84056628769517 -0.913066641566239
4.85966349186109 -1.00201835560891
4.87888185893392 -1.09071817801495
4.89821278553703 -1.17904084383512
4.91764133405698 -1.26682237252454
4.9371456048142 -1.35385849683566
4.9566963882327 -1.43990525452944
4.97625727018672 -1.52468258339193
4.99578534957601 -1.60788154406165
5.01523266077476 -1.68917529875091
5.03454827399526 -1.76823324128123
5.05368089751214 -1.84473688142554
5.07258167324189 -1.9183955045501
5.09120679166938 -1.98895950177628
5.10951958195541 -2.05622968144707
5.12749184831245 -2.12006169551731
5.14510438159729 -2.18036565846629
5.16234672293543 -2.23710180893138
5.17921635584721 -2.29027349170849
5.19571754230807 -2.33991880319789
5.21186000608121 -2.38610204355395
5.22765762386996 -2.42890578972985
5.24312723164382 -2.46842406153959
5.25828760418722 -2.5047567685572
5.27315862764987 -2.53800542588826
5.28776065925377 -2.56827000853897
5.30211405375473 -2.59564675983586
5.31623882994956 -2.62022675838504
5.33015444961541 -2.64209506234288
5.34387968344863 -2.66133027601725
5.35743254218867 -2.67800441344923
5.37083025512225 -2.69218296177422
5.38408928197167 -2.70392507152617
5.39722534749643 -2.71328382091268
5.41025349088604 -2.72030651660397
5.4231881242085 -2.72503500530632
5.43604309586726 -2.72750597901897
5.44883175629283 -2.72775126307516
5.46156702403567 -2.72579808043133
5.47426145110778 -2.72166928867487
5.48692728690402 -2.71538358825052
5.4995765403682 -2.70695570174967
5.51222104029197 -2.69639652498349
5.52487249377413 -2.68371325113478
5.53754254294425 -2.66890946967597
5.55024282008035 -2.65198524204804
5.56298500123475 -2.63293715639196
5.57578085842685 -2.61175836397779
5.58864231036671 -2.58843860045059
5.60158147153324 -2.56296419567428
5.61461069923573 -2.53531807688274
5.62774263802351 -2.50547977113643
5.64099026045574 -2.47342541484952
5.65436690277469 -2.43912778054601
5.66788629340844 -2.40255633420535
5.68156257141976 -2.36367734079532
5.69541029096749 -2.32245404112508
5.70944440649902 -2.27884693027939
5.72368023169099 -2.23281417690585
5.7381333630578 -2.1843122337421
5.752819556647 -2.1332967030052
5.76775454341183 -2.07972353520754
5.78295376592008 -2.02355065538348
5.79843201650831 -1.96474012399367
5.81420295571147 -1.9032609461235
5.83027849125553 -1.83909263411614
5.84666800426554 -1.77222959376393
5.86337742344291 -1.70268632732401
5.88040817279994 -1.63050331159811
5.89775605601452 -1.55575320549654
5.91541018912985 -1.47854677618295
5.93335214541229 -1.3990376473765
5.95155551548351 -1.31742475506055
5.96998608923309 -1.23395137077963
5.98860281149517 -1.14889984292105
6.00735954415884 -1.0625818538478
6.02620750429145 -0.975324886080268
6.04509808981209 -0.887456469940278
6.06398570872765 -0.799288331095322
6.08283023142704 -0.711102561132042
6.10159878360342 -0.623141411942901
6.12026674890707 -0.535601484801524
6.13881800153363 -0.448632243768931
6.15724449869329 -0.362338160949876
6.17554541573841 -0.276783490622091
6.1937260094328 -0.191998638369852
6.21179636550311 -0.107987242862202
6.22977014404703 -0.0247333179470779
6.24766339427533 0.0577919657257644
6.26549347571701 0.139624089322228
6.28327809864899 0.220799677854217
6.30103448140353 0.301351683706109
6.31877861445919 0.381305226147103
6.3365246188471 0.460674038193069
6.35428418781314 0.539457480220696
6.37206610474518 0.617638101848786
6.38987583629841 0.69517976418718
6.40771520671275 0.772026368362313
6.42558216664137 0.84810126730551
6.44347067620961 0.923307458911399
6.4613707259528 0.997528661610723
6.47926851901142 1.07063135029483
6.49714683198853 1.14246777637299
6.51498555952834 1.21287991147053
6.5327624297386 1.28170414925045
6.55045385662248 1.34877649217391
6.5680358757939 1.41393786345065
6.58548509556673 1.47703914195066
6.60277959080098 1.53794553398507
6.61989967323864 1.59653997101722
6.63682848825183 1.65272534192385
6.65355241035153 1.70642550735479
6.67006123370093 1.75758517458081
6.68634817479115 1.8061688120431
6.70240971936295 1.8521588420722
6.71824535347604 1.89555336740414
6.73385721988568 1.93636366997575
6.74924973718704 1.97461168093476
6.76442921250602 2.01032757099131
6.77940347066605 2.04354755997954
6.79418151510743 2.07431200023613
6.80877322921895 2.10266375333284
6.82318912153608 2.12864685450902
6.83744011451147 2.15230544293591
6.85153737411251 2.17368292702198
6.86549217609941 2.19282135045356
6.87931580421661 2.20976092482269
6.89301947544878 2.22453969710403
6.90661428775147 2.2371933238383
6.92011118611542 2.24775492792201
6.93352094335736 2.25625501791619
6.94685415257778 2.26272145349722
6.96012122874595 2.26717944394562
6.97333241734015 2.26965156936128
6.98649780837822 2.2701578166188
6.99962735451594 2.26871562397964
7.01273089217461 2.26533992981426
7.02581816488648 2.26004322212094
7.03889884822694 2.25283558651664
7.05198257583875 2.24372475117421
7.06507896615398 2.23271612783887
7.07819764948583 2.21981284861748
7.09134829519963 2.20501579873808
7.10454063868143 2.18832364595825
7.11778450780273 2.16973286779608
7.13108984853213 2.14923777830005
7.1444667492637 2.12683055670212
7.15792546331453 2.10250128105143
7.17147642888345 2.07623797085016
7.18513028555047 2.04802664386103
7.19889788612142 2.01785139368732
7.21279030227216 1.98569449650985
7.22681882200678 1.95153655757534
7.24099493639901 1.91535671074349
7.25533031242229 1.87713288768499
7.26983674788136 1.83684217722299
7.28452610353928 1.79446129981488
7.2994102065109 1.74996722716303
7.31450071792547 1.70333798212591
7.3298089568652 1.65455365888939
7.34534567186919 1.6035977067253
7.36112075118544 1.55045852096381
7.37714286395437 1.49513137957745
7.39341902729853 1.43762074962677
7.4099540997274 1.3779429605218
7.42675021024913 1.31612919608703
7.4438061458071 1.25222869127851
7.46111673713159 1.18631193196045
7.47867230345606 1.11847355400204
7.49645823636634 1.04883453796759
7.51445481651354 0.97754322671159
7.53263735649423 0.904774692972901
7.55097674181975 0.83072808847857
7.56944039650531 0.755621831523125
7.58799363491332 0.679686815378305
7.60660129034078 0.603158179866175
7.62522945238824 0.526266487957255
7.64384711705082 0.449229298087688
7.66242756457309 0.372244073903922
7.68094932663739 0.295483142674911
7.69939667215542 0.219091072037771
7.71775961156428 0.14318447438886
7.73603347778721 0.0678539480630381
7.75421817957483 -0.00683233128527229
7.77231723868833 -0.0808239397125224
7.79033672019994 -0.15408301623315
7.80828415107276 -0.226579046917339
7.82616750208828 -0.298284009528195
7.84399428683752 -0.369168156038822
7.86177081201196 -0.439196608681021
7.8795015972448 -0.508326860326188
7.89718897065391 -0.576507203892002
7.91483283755647 -0.643676065810987
7.93243061361624 -0.709762181028028
7.94997730890479 -0.774685517002629
7.96746574516487 -0.838358828571773
7.98488688452641 -0.900689703182613
8.00223024408215 -0.961582938004897
8.0194843675277 -1.02094307939696
8.03663732317237 -1.07867695416379
8.05367719766756 -1.13469603320139
8.07059255714661 -1.18891849179643
8.08737285207927 -1.24127086507628
8.10400874853109 -1.29168923790252
8.12049237587754 -1.34011995075222
8.13681748841095 -1.38651984173203
8.15297954483371 -1.4308560757754
8.16897571472664 -1.47310563295052
8.18480482441183 -1.51325453817977
8.20046725619364 -1.55129691562956
8.21596481500098 -1.58723394467606
8.23130057534361 -1.62107278320153
8.24647871965147 -1.65282551044366
8.26150437687294 -1.68250812769834
8.27638346797004 -1.7101396422822
8.29112256287959 -1.73574124914111
8.30572875173311 -1.75933561570769
8.32020953169793 -1.78094626907242
8.33457270971732 -1.80059708002463
8.34882632065663 -1.81831183570901
8.36297855985681 -1.83411389116653
8.37703772880189 -1.84802588953627
8.39101219247127 -1.86006954088563
8.4049103469259 -1.87026545026486
8.41874059573193 -1.8786329864612
8.4325113339264 -1.88519018392133
8.44623093835627 -1.8899536713258
8.45990776335754 -1.89293862127599
8.47355014087586 -1.89415871645818
8.48716638425616 -1.89362612846489
8.50076479504298 -1.89135150617649
8.5143536722324 -1.88734397124036
8.5279413235008 -1.88161111873977
8.54153607800345 -1.87415902163295
8.55514630038885 -1.86499223797743
8.56878040571137 -1.85411382035089
8.58244687494658 -1.84152532725308
8.5961542708187 -1.82722683663819
8.60991125363864 -1.81121696210185
8.62372659682179 -1.79349287264739
8.63760920170474 -1.77405031740246
8.65156811120752 -1.75288365717009
8.66561252178796 -1.72998590530247
8.67975179300286 -1.70534878110691
8.69399545382072 -1.67896277986416
8.70835320461607 -1.65081726459133
8.72283491350717 -1.62090058595426
8.73745060536968 -1.58920023826273
8.7522104414589 -1.55570306130307
8.76712468709792 -1.5203954998992
8.78220366433462 -1.48326393554877
8.79745768584481 -1.44429510721731
8.81289696568259 -1.40347664128204
8.82853150179877 -1.36079771347957
8.84437092464739 -1.31624986813633
8.86042430581856 -1.26982802131125
8.87669992068759 -1.22153167377831
8.89320495986868 -1.17136635562154
8.90994518622863 -1.11934531472029
8.92692453787429 -1.06549144425737
8.94414468344563 -1.00983941710474
8.96160454469575 -0.952437955500877
8.97929981285481 -0.893352112361987
8.99722249907405 -0.832665378609336
9.01536057360041 -0.770481366931974
9.03369776002216 -0.706924770933188
9.05221355530997 -0.642141280398462
9.07088353821737 -0.576296171773431
9.08968000384059 -0.509571405694455
9.10857292032963 -0.442161252090581
9.12753115013503 -0.374266703960515
9.14652382397716 -0.306089182804526
9.16552171556418 -0.237824216248324
9.18449845205113 -0.169655823455625
9.20343141556424 -0.101752249634659
9.22230224119599 -0.0342634649644259
9.24109688419475 0.0326794570916071
9.25980529669505 0.0989632656730842
9.27842080678936 0.164490174551766
9.29693932071998 0.229174750479161
9.31535847113161 0.2929405820085
9.33367681601865 0.355717177723105
9.35189316301866 0.417437407868164
9.37000606083729 0.478035657482918
9.38801347030769 0.537446730412944
9.40591260528951 0.595605446665633
9.4236999190889 0.652446813727754
9.44137120448531 0.707906621896994
9.45892177324227 0.761922307529937
9.47634668254462 0.81443393911245
9.49364097976292 0.865385202832444
9.51079994222321 0.914724291747326
9.52781929445507 0.962404631740071
9.54469539111696 1.0083854053089
9.56142535903277 1.05263185876416
9.57800719623452 1.09511539831913
9.59443982943372 1.1358134952684
9.6107231338891 1.17470942996749
9.62685792124623 1.21179190915275
9.64284590170993 1.2470545920831
9.65868962703068 1.28049555900886
9.67439242041666 1.31211675155228
9.68995829879175 1.34192340959587
9.70539189195462 1.36992352393317
9.72069836227334 1.39612731876815
9.73588332765858 1.42054677349963
9.75095278975355 1.44319518928307
9.765913068589 1.46408680269038
9.7807707443897 1.48323644636876
9.79553260678038 1.50065925485875
9.81020561131379 1.51637041256774
9.82479684301534 1.53038494019867
9.83931348649025 1.54271751559929
9.85376280205323 1.55338232492911
9.8681521073027 1.56239294016147
9.88248876355784 1.56976221918088
9.89678016659617 1.57550222505323
9.911033741165 1.579624161401
9.92525693878279 1.58213832118183
9.93945723839395 1.58305404652982
9.95364214948745 1.58237969766381
9.96781921733396 1.58012262919112
9.98199603003667 1.57628917243611
9.99618022712528 1.57088462270291
10 1.56916275998274
